# Identity-class deviation at the Kaser--Lemire endpoints.
# D_n = N_ell(1) - 2^{n-ell}; d_n = D_n / 2^{n-ell}; weil = the
# unconditional Weil allowance for |d_n|; sd = Sato-Tate per-class
# standard deviation sqrt(2^{n-ell}(ell-2) + 2^{n-2ell+1}); z = D_n/sd.
# Producers: axeyum-gf2-hayes-endpoints (branch CAS) and
# data/cylinder-variances-ell12-24.txt; the overlap is cross-checked.
# ell   n            D_n         2^(n-ell)        d_n     weil          sd        z
    2   5             -2                 8 -2.500e-01    0.354         2.0   -1.000
    2   6              0                16 +0.000e+00    0.250         2.8   +0.000
    3   7              6                16 +3.750e-01    0.884         4.5   +1.342
    3   8             -8                32 -2.500e-01    0.625         6.3   -1.265
    4   9              5                32 +1.562e-01    1.503         8.2   +0.606
    4  10             12                64 +1.875e-01    1.062        11.7   +1.029
    5  11            -19                64 -2.969e-01    2.166        14.0   -1.357
    5  12             32               128 +2.500e-01    1.531        19.8   +1.616
    6  13            -49               128 -3.828e-01    2.851        22.7   -2.157
    6  14             32               256 +1.250e-01    2.016        32.1   +0.996
    7  15             45               256 +1.758e-01    3.547        35.8   +1.256
    7  16            -40               512 -7.812e-02    2.508        50.7   -0.789
    8  17             50               512 +9.766e-02    4.248        55.5   +0.902
    8  18             75              1024 +7.324e-02    3.004        78.4   +0.956
    9  19            -92              1024 -8.984e-02    4.953        84.7   -1.086
    9  20             48              2048 +2.344e-02    3.502       119.8   +0.401
   10  21             53              2048 +2.588e-02    5.658       128.0   +0.414
   10  22             63              4096 +1.538e-02    4.001       181.0   +0.348
   11  23            206              4096 +5.029e-02    6.365       192.0   +1.073
   11  24           -352              8192 -4.297e-02    4.500       271.5   -1.296
   12  25            359              8192 +4.382e-02    7.071       286.2   +1.254
   12  26            335             16384 +2.045e-02    5.000       404.8   +0.828
   13  27           -345             16384 -2.106e-02    7.778       424.5   -0.813
   13  28            980             32768 +2.991e-02    5.500       600.4   +1.632
   14  29           -896             32768 -2.734e-02    8.485       627.1   -1.429
   14  30            645             65536 +9.842e-03    6.000       886.8   +0.727
   15  31            340             65536 +5.188e-03    9.192       923.0   +0.368
   15  32          -1832            131072 -1.398e-02    6.500      1305.4   -1.403
   16  33           2744            131072 +2.094e-02    9.900      1354.6   +2.026
   16  34            660            262144 +2.518e-03    7.000      1915.7   +0.345
   17  35          -1988            262144 -7.584e-03   10.607      1983.0   -1.003
   17  36           6587            524288 +1.256e-02    7.500      2804.3   +2.349
   18  37            928            524288 +1.770e-03   11.314      2896.3   +0.320
   18  38           9592           1048576 +9.148e-03    8.000      4096.0   +2.342
   19  39           4074           1048576 +3.885e-03   12.021      4222.1   +0.965
   19  40         -13496           2097152 -6.435e-03    8.500      5970.9   -2.260
   20  41           3115           2097152 +1.485e-03   12.728      6144.0   +0.507
   20  42          -4509           4194304 -1.075e-03    9.000      8688.9   -0.519
   21  43         -20938           4194304 -4.992e-03   13.435      8927.0   -2.345
   21  44          25007           8388608 +2.981e-03    9.500     12624.7   +1.981
   22  45          -7582           8388608 -9.038e-04   14.142     12952.7   -0.585
   22  46          28402          16777216 +1.693e-03   10.000     18317.9   +1.551
   23  47          57574          16777216 +3.432e-03   14.849     18770.2   +3.067
   23  48         -88336          33554432 -2.633e-03   10.500     26545.1   -3.328
   24  49           1651          33554432 +4.920e-05   15.556     27169.8   +0.061
   24  50           4787          67108864 +7.133e-05   11.000     38423.9   +0.125
# rms z = 1.400, max|z| = 3.328 over 46 endpoints
# consecutive-ell Pearson r: odd -0.066 (22 pairs), even -0.056 (22 pairs)
# odd-vs-even at the same ell: Pearson r = -0.657, Spearman -0.617,
#   permutation p = 0.00026 (50000 shuffles, seed 11), jackknife [-0.701, -0.541], 23 groups
# 13 endpoints cross-checked between the two CAS producers
