# Minimal subdegree s_min(n) = min over monic irreducible f of degree n
# over F_2 of deg(f - x^n).  Kaser--Lemire asserts s_min(n) <= floor(n/2).
# Producer: an independent python-flint Rabin search (venv
# lemire-signed-trace-lemire-venv), candidates enumerated by INCREASING
# subdegree, so the value is the EXACT minimum, not an upper bound.
# Coverage: every n in 2..400, then 410..1000 step 10, 1100..3000 step 100
# (479 degrees).  The checker re-derives the prefix n <= 60 from scratch.
# n s_min(n) candidates_tested seconds
2 1 2 0.000
3 1 2 0.000
4 1 2 0.000
5 2 3 0.000
6 1 2 0.000
7 1 2 0.000
8 4 14 0.000
9 1 2 0.000
10 3 5 0.000
11 2 3 0.000
12 3 5 0.000
13 4 14 0.000
14 5 17 0.000
15 1 2 0.000
16 5 22 0.000
17 3 5 0.000
18 3 5 0.000
19 5 20 0.000
20 3 5 0.000
21 2 3 0.000
22 1 2 0.000
23 5 17 0.000
24 4 14 0.000
25 3 5 0.000
26 4 14 0.000
27 5 20 0.000
28 1 2 0.000
29 2 3 0.000
30 1 2 0.000
31 3 5 0.000
32 7 71 0.005
33 6 38 0.001
34 4 14 0.000
35 2 3 0.000
36 5 27 0.001
37 5 32 0.001
38 6 50 0.001
39 4 9 0.000
40 5 29 0.001
41 3 5 0.000
42 5 20 0.001
43 6 45 0.008
44 5 17 0.006
45 4 14 0.003
46 1 2 0.000
47 5 17 0.001
48 5 23 0.001
49 6 57 0.009
50 4 15 0.001
51 6 38 0.002
52 3 5 0.000
53 6 36 0.002
54 6 63 0.010
55 6 36 0.005
56 7 75 0.026
57 4 9 0.001
58 6 50 0.014
59 6 62 0.011
60 1 2 0.000
61 5 20 0.001
62 6 53 0.007
63 1 2 0.000
64 4 14 0.004
65 4 14 0.001
66 3 5 0.000
67 5 20 0.001
68 7 82 0.018
69 6 51 0.015
70 5 22 0.002
71 5 22 0.002
72 6 48 0.011
73 4 15 0.001
74 6 36 0.011
75 6 38 0.006
76 5 27 0.010
77 6 51 0.011
78 6 48 0.024
79 4 15 0.001
80 7 88 0.028
81 4 9 0.001
82 7 108 0.032
83 7 75 0.036
84 5 17 0.005
85 8 132 0.056
86 6 51 0.009
87 7 82 0.035
88 5 32 0.007
89 6 53 0.014
90 5 23 0.006
91 7 119 0.036
92 6 51 0.016
93 2 3 0.000
94 6 50 0.013
95 6 60 0.018
96 6 56 0.017
97 6 33 0.014
98 7 77 0.030
99 6 38 0.008
100 6 51 0.017
101 7 98 0.057
102 6 53 0.018
103 7 95 0.035
104 4 14 0.008
105 4 9 0.002
106 6 50 0.027
107 7 88 0.032
108 6 42 0.014
109 5 27 0.007
110 6 42 0.014
111 7 75 0.030
112 5 29 0.007
113 5 23 0.018
114 5 23 0.010
115 7 88 0.046
116 4 12 0.002
117 5 20 0.007
118 6 51 0.025
119 8 129 0.080
120 4 14 0.011
121 8 146 0.098
122 6 36 0.014
123 2 3 0.001
124 6 63 0.045
125 7 88 0.043
126 7 75 0.040
127 1 2 0.006
128 7 68 0.045
129 5 17 0.010
130 3 5 0.001
131 7 122 0.078
132 6 60 0.035
133 6 56 0.048
134 7 82 0.054
135 6 45 0.030
136 5 23 0.012
137 8 159 0.107
138 8 183 0.191
139 7 88 0.074
140 6 42 0.037
141 8 214 0.218
142 7 122 0.110
143 5 23 0.019
144 7 75 0.076
145 6 50 0.040
146 5 23 0.013
147 5 32 0.019
148 7 85 0.063
149 9 382 0.461
150 5 27 0.018
151 3 5 0.001
152 6 39 0.034
153 1 2 0.001
154 7 113 0.119
155 7 89 0.109
156 6 53 0.048
157 6 51 0.063
158 8 156 0.205
159 6 62 0.077
160 5 23 0.024
161 6 39 0.048
162 7 116 0.162
163 7 101 0.142
164 8 248 0.448
165 9 302 0.436
166 6 50 0.057
167 6 33 0.022
168 6 48 0.060
169 8 177 0.236
170 6 39 0.057
171 5 32 0.043
172 1 2 0.001
173 8 147 0.280
174 6 63 0.102
175 6 33 0.044
176 7 95 0.129
177 5 23 0.046
178 8 195 0.337
179 4 12 0.015
180 3 5 0.009
181 7 98 0.188
182 7 122 0.225
183 8 201 0.353
184 8 175 0.266
185 8 134 0.228
186 8 207 0.358
187 7 113 0.195
188 6 51 0.106
189 6 51 0.070
190 8 225 0.438
191 7 94 0.125
192 7 68 0.094
193 8 252 0.483
194 4 15 0.020
195 7 92 0.193
196 3 5 0.009
197 8 248 0.525
198 6 53 0.080
199 7 119 0.269
200 5 23 0.052
201 6 39 0.077
202 7 105 0.236
203 8 194 0.448
204 5 27 0.052
205 9 275 0.697
206 7 88 0.211
207 9 290 0.783
208 8 231 0.476
209 5 23 0.041
210 7 65 0.127
211 9 310 0.744
212 7 77 0.132
213 6 51 0.092
214 5 22 0.043
215 6 53 0.110
216 7 70 0.117
217 6 57 0.118
218 7 123 0.231
219 7 123 0.294
220 7 65 0.148
221 8 156 0.370
222 5 27 0.043
223 5 27 0.037
224 8 219 0.569
225 8 183 0.415
226 7 123 0.268
227 6 62 0.169
228 8 132 0.271
229 9 308 1.125
230 7 95 0.228
231 7 75 0.192
232 7 123 0.284
233 7 95 0.253
234 8 230 0.624
235 8 231 0.894
236 5 17 0.027
237 7 74 0.145
238 5 20 0.049
239 5 32 0.078
240 8 149 0.291
241 8 189 0.397
242 8 186 0.579
243 8 146 0.243
244 8 180 0.455
245 6 42 0.040
246 8 212 0.450
247 9 267 1.034
248 8 159 0.561
249 7 74 0.191
250 6 56 0.163
251 7 75 0.174
252 6 63 0.164
253 5 32 0.094
254 7 68 0.201
255 5 23 0.064
256 10 531 1.261
257 7 95 0.323
258 9 297 1.170
259 8 254 0.963
260 6 53 0.159
261 7 105 0.410
262 9 393 1.905
263 9 320 1.666
264 9 291 1.510
265 5 23 0.026
266 6 39 0.047
267 8 165 0.489
268 9 452 2.238
269 7 98 0.169
270 5 27 0.030
271 8 144 0.300
272 8 242 0.767
273 7 68 0.175
274 7 119 0.233
275 8 158 0.326
276 6 38 0.152
277 7 92 0.290
278 5 17 0.062
279 5 17 0.050
280 9 275 1.571
281 9 266 1.300
282 6 39 0.049
283 8 180 0.566
284 8 177 0.710
285 7 88 0.126
286 8 254 1.177
287 6 51 0.151
288 8 235 1.061
289 7 123 0.545
290 5 23 0.099
291 6 62 0.299
292 7 70 0.244
293 9 302 1.732
294 7 125 0.860
295 5 27 0.072
296 7 71 0.314
297 5 17 0.080
298 8 158 0.563
299 7 88 0.318
300 5 17 0.072
301 8 180 0.939
302 5 32 0.094
303 1 2 0.006
304 5 32 0.109
305 7 99 0.507
306 7 70 0.164
307 8 139 0.704
308 9 452 2.654
309 8 186 1.219
310 8 146 0.639
311 7 85 0.327
312 9 329 1.925
313 7 70 0.394
314 8 180 0.475
315 6 62 0.231
316 8 182 1.166
317 7 75 0.433
318 8 177 1.290
319 8 152 0.466
320 4 14 0.084
321 7 83 0.589
322 9 380 2.650
323 6 62 0.237
324 4 12 0.083
325 8 172 1.193
326 10 518 3.782
327 7 119 0.483
328 8 134 0.764
329 8 159 0.989
330 6 56 0.342
331 7 123 0.785
332 6 36 0.176
333 2 3 0.015
334 5 20 0.102
335 9 410 3.118
336 7 74 0.467
337 7 116 0.596
338 4 14 0.052
339 7 88 0.542
340 9 358 2.491
341 8 144 0.855
342 8 175 1.386
343 9 494 4.684
344 7 68 0.445
345 8 139 0.808
346 7 116 0.803
347 7 123 0.702
348 8 201 1.251
349 6 51 0.292
350 6 51 0.318
351 8 165 1.026
352 7 95 0.548
353 9 329 2.638
354 9 406 3.951
355 6 50 0.310
356 7 116 0.694
357 8 249 2.497
358 8 182 1.041
359 8 180 1.115
360 5 23 0.047
361 7 74 0.386
362 8 206 1.244
363 8 149 1.304
364 9 257 2.053
365 9 305 2.507
366 8 177 1.281
367 7 94 0.557
368 7 71 0.611
369 10 758 5.379
370 5 23 0.111
371 8 135 1.012
372 8 183 1.374
373 8 195 1.436
374 8 177 1.437
375 4 12 0.081
376 8 209 1.092
377 8 134 0.921
378 9 297 2.559
379 9 406 3.785
380 10 690 7.941
381 5 20 0.104
382 9 274 2.110
383 9 274 1.767
384 8 240 1.858
385 6 33 0.192
386 9 459 4.601
387 8 194 1.373
388 7 77 0.363
389 7 104 0.477
390 8 158 0.835
391 6 36 0.108
392 8 206 1.803
393 7 65 0.376
394 8 195 1.462
395 8 252 2.333
396 6 63 0.257
397 8 242 2.263
398 7 99 0.633
399 9 300 3.441
400 5 23 0.159
410 10 525 4.064
420 7 65 0.333
430 8 159 1.326
440 4 14 0.100
450 8 235 3.156
460 9 274 3.992
470 8 159 2.217
480 7 111 1.020
490 9 337 4.600
500 8 180 2.436
510 6 42 0.578
520 10 951 22.014
530 10 581 10.565
540 9 257 6.895
550 8 207 4.825
560 7 123 2.480
570 7 116 1.741
580 6 42 1.005
590 8 174 4.657
600 7 123 2.099
610 9 296 8.230
620 7 113 1.378
630 7 75 2.029
640 10 782 22.508
650 3 5 0.154
660 10 657 22.581
670 6 50 0.642
680 9 485 15.580
690 9 315 9.780
700 6 51 1.232
710 8 228 7.815
720 9 297 10.296
730 11 1705 82.888
740 4 12 0.356
750 9 509 21.018
760 10 824 34.835
770 11 1803 121.305
780 8 240 9.164
790 7 95 1.529
800 9 322 15.727
810 6 56 1.610
820 7 119 4.779
830 8 228 8.979
840 9 502 28.180
850 11 1688 119.660
860 6 42 2.133
870 7 75 3.827
880 11 1351 106.554
890 10 525 33.860
900 1 2 0.094
910 11 1481 109.038
920 11 1130 80.084
930 4 14 0.770
940 10 578 54.485
950 8 214 17.133
960 8 221 16.002
970 9 458 32.299
980 8 225 15.530
990 10 912 76.649
1000 5 29 1.406
1100 6 57 3.746
1200 10 567 79.703
1300 11 1138 222.167
1400 8 134 17.926
1500 9 266 55.066
1600 11 1085 308.805
1700 10 933 300.408
1800 10 856 296.302
1900 6 36 8.074
2000 13 4641 2099.355
2100 10 667 368.344
2200 11 1307 757.941
2300 11 1097 667.594
2400 11 1889 1339.103
2500 11 1486 1095.323
2600 9 340 214.476
2700 3 5 2.711
2800 9 371 295.463
2900 11 1742 1680.099
3000 11 1175 1152.579
