# Degrees n <= 10000 at which Kaser--Lemire is PROVED by note 08 Theorem A.
# One line per member of S: n = m*t, seed f = x^m + (exponents) + 1,
# witness f(x^t) = x^n + (t*exponents) + 1, irreducible and in-window.
# EVERY n <= 10000 NOT LISTED HERE IS NOT IN S -- in particular every prime
# and every power of two.  Regenerate with
#   python lemire_composition_family.py --nmax 100000 --members-out <file>
# Format: n m t seed-exponents
6 2 3 1
12 4 3 1
18 2 9 1
20 4 5 1
21 3 7 1
24 8 3 2,3,4
30 10 3 3
36 4 9 1
40 8 5 2,3,4
42 6 7 1
48 16 3 2,3,5
54 2 27 1
60 4 15 1
63 9 7 4
66 22 3 1
72 8 9 2,3,4
78 26 3 5,6,7
80 16 5 2,3,5
84 12 7 1,4,6
90 10 9 3
96 32 3 2,6,7
100 4 25 1
102 34 3 7,14,17
105 15 7 1
108 4 27 1
110 10 11 3
114 38 3 10,14,15
120 8 15 2,3,4
126 6 21 1
132 44 3 11,17,20
136 8 17 2,3,4
138 46 3 6,13,18
140 28 5 3
144 16 9 2,3,5
147 3 49 1
150 50 3 3,11,17
155 5 31 2
156 12 13 1,4,6
160 32 5 2,6,7
162 2 81 1
168 24 7 8,9,11
174 58 3 19
180 4 45 1
186 62 3 1,16,30
189 27 7 5,10,13
192 64 3 1,18,29
198 22 9 1
200 8 25 2,3,4
204 68 3 9
210 30 7 5,13,14
216 8 27 2,3,4
220 20 11 3
222 74 3 7,19,26
228 76 3 15,20,29
231 33 7 13
234 26 9 5,6,7
240 16 15 2,3,5
246 82 3 11,15,41
252 12 21 1,4,6
253 11 23 2
258 86 3 30,32,37
260 52 5 3
264 88 3 9,13,27
270 10 27 3
272 16 17 2,3,5
273 39 7 4
276 92 3 10,37,38
280 56 5 15,16,17
282 94 3 21
288 32 9 2,6,7
294 6 49 1
300 4 75 1
306 34 9 7,14,17
310 10 31 3
312 24 13 8,9,11
315 45 7 9,14,18
318 106 3 15
320 64 5 1,18,29
324 4 81 1
330 10 33 3
336 48 7 2,8,11
340 68 5 9
342 18 19 7
348 116 3 12,21,48
354 118 3 33
357 51 7 5,9,17
360 8 45 2,3,4
366 122 3 23,31,57
372 124 3 37
378 6 63 1
380 76 5 15,20,29
384 128 3 1,21,35
390 130 3 3
396 44 9 11,17,20
399 57 7 7
400 16 25 2,3,5
402 134 3 57
408 8 51 2,3,4
414 46 9 6,13,18
420 12 35 1,4,6
426 142 3 21
432 16 27 2,3,5
438 146 3 31,39,64
440 40 11 2,5,12
441 9 49 4
444 148 3 27
450 50 9 3,11,17
456 152 3 17,31,52
460 92 5 10,37,38
462 66 7 18,19,30
465 15 31 1
468 12 39 1,4,6
474 158 3 15,63,77
480 32 15 2,6,7
483 69 7 18,28,30
486 2 243 1
492 164 3 20,54,79
498 166 3 24,55,57
500 4 125 1
504 24 21 8,9,11
506 22 23 1
510 170 3 23
516 172 3 7
520 104 5 21,31,52
522 58 9 19
525 75 7 18,25,34
528 176 3 21,43,50
534 178 3 87
540 4 135 1
544 32 17 2,6,7
546 78 7 5,32,35
550 50 11 3,11,17
552 184 3 2,27,31
558 62 9 1,16,30
560 112 5 8,15,17
564 188 3 15,70,71
567 81 7 4
570 190 3 14,30,91
576 64 9 1,18,29
580 116 5 12,21,48
582 194 3 87
588 12 49 1,4,6
594 22 27 1
600 8 75 2,3,4
602 14 43 3,5,7
606 202 3 55
609 87 7 13
612 68 9 9
618 206 3 15,80,81
620 20 31 3
624 48 13 2,8,11
630 30 21 5,13,14
636 212 3 105
640 128 5 1,21,35
642 214 3 13,78,96
648 8 81 2,3,4
651 93 7 2
654 218 3 11
657 9 73 4
660 20 33 3
666 74 9 7,19,26
672 96 7 19,23,29
678 226 3 29,33,38
680 8 85 2,3,4
684 36 19 11
690 230 3 14,31,69
693 99 7 21,24,34
696 232 3 5,30,85
700 28 25 3
702 26 27 5,6,7
708 236 3 5
714 102 7 31,41,43
720 16 45 2,3,5
726 242 3 23,78,90
732 244 3 39,45,90
735 15 49 1
738 82 9 11,15,41
740 148 5 27
744 248 3 7,8,33
750 250 3 103
756 12 63 1,4,6
759 33 23 13
760 152 5 17,31,52
762 254 3 54,73,118
768 256 3 42,112,119
770 70 11 1,18,26
774 86 9 30,32,37
775 25 31 3
777 111 7 10
780 12 65 1,4,6
786 262 3 6,53,113
792 88 9 9,13,27
798 114 7 13,34,49
800 32 25 2,6,7
804 268 3 25
810 10 81 3
812 28 29 3
816 16 51 2,3,5
819 117 7 1,3,30
820 20 41 3
822 274 3 67
828 92 9 10,37,38
834 278 3 5
840 24 35 8,9,11
846 94 9 21
852 284 3 119
858 286 3 69
860 172 5 7
861 123 7 2
864 32 27 2,6,7
870 290 3 27,45,129
876 292 3 97
880 80 11 16,29,31
882 6 147 1
888 296 3 21,25,59
889 7 127 1
894 298 3 43,54,55
900 4 225 1
903 129 7 5
906 302 3 41
912 304 3 8,147,149
918 34 27 7,14,17
920 184 5 2,27,31
924 132 7 29
930 10 93 3
936 24 39 8,9,11
940 188 5 15,70,71
942 314 3 15
945 135 7 11
948 316 3 135
952 56 17 15,16,17
954 106 9 15
960 64 15 1,18,29
966 138 7 9,15,68
972 4 243 1
978 326 3 23,108,113
979 11 89 2
980 196 5 23,24,79
984 328 3 30,153,163
987 141 7 39,49,54
990 10 99 3
996 332 3 123
1000 8 125 2,3,4
1008 48 21 2,8,11
1012 44 23 11,17,20
1014 338 3 11,122,147
1020 68 15 9
1026 18 57 7
1029 3 343 1
1040 208 5 49,83,102
1044 116 9 12,21,48
1050 150 7 53
1060 212 5 105
1062 118 9 33
1068 356 3 28,159,163
1071 153 7 1
1074 358 3 20,104,133
1080 8 135 2,3,4
1081 23 47 5
1085 35 31 2
1086 362 3 63
1088 64 17 1,18,29
1092 12 91 1,4,6
1098 122 9 23,31,57
1100 20 55 3
1110 370 3 139
1113 159 7 31
1116 124 9 37
1120 224 5 12,38,99
1122 374 3 1,50,109
1128 376 3 19,104,138
1134 6 189 1
1140 76 15 15,20,29
1146 382 3 81
1152 128 9 1,21,35
1155 165 7 15,24,64
1158 386 3 83
1160 232 5 5,30,85
1164 388 3 36,63,64
1170 130 9 3
1176 24 49 8,9,11
1180 236 5 5
1182 394 3 135
1188 44 27 11,17,20
1194 398 3 121,130,168
1197 171 7 45,57,65
1200 16 75 2,3,5
1204 28 43 3
1206 134 9 57
1210 10 121 3
1212 404 3 189
1218 174 7 13
1220 244 5 39,45,90
1224 8 153 2,3,4
1230 410 3 47,72,180
1236 412 3 147
1239 177 7 8
1240 40 31 2,5,12
1242 46 27 6,13,18
1248 96 13 19,23,29
1254 418 3 26,75,209
1260 12 105 1,4,6
1265 55 23 24
1266 422 3 149
1272 424 3 1,2,177
1278 142 9 21
1280 256 5 42,112,119
1281 183 7 56
1284 428 3 105
1290 430 3 1,3,158
1296 16 81 2,3,5
1300 52 25 3
1302 186 7 2,40,67
1308 436 3 165
1314 18 73 7
1320 40 33 2,5,12
1323 27 49 5,10,13
1326 442 3 1,2,32
1332 36 37 11
1338 446 3 105
1340 268 5 25
1344 192 7 9,74,87
1350 50 27 3,11,17
1356 452 3 145,184,218
1360 16 85 2,3,5
1365 195 7 18,39,97
1368 72 19 1,20,31
1374 458 3 203
1380 92 15 10,37,38
1386 66 21 18,19,30
1392 464 3 1,3,40
1395 45 31 9,14,18
1398 466 3 83,157,165
1400 56 25 15,16,17
1404 12 117 1,4,6
1407 201 7 14
1410 470 3 149
1416 472 3 1,2,33
1420 284 5 119
1422 158 9 15,63,77
1428 204 7 42,83,87
1430 130 11 3
1434 478 3 121
1440 32 45 2,6,7
1446 482 3 1,2,13
1449 207 7 43
1452 484 3 105
1458 2 729 1
1460 292 5 97
1464 488 3 1,2,123
1470 30 49 5,13,14
1476 164 9 20,54,79
1480 296 5 21,25,59
1482 494 3 137
1488 496 3 1,3,52
1491 213 7 2,86,90
1494 166 9 24,55,57
1496 88 17 9,13,27
1500 4 375 1
1506 502 3 1,2,99
1512 24 63 8,9,11
1518 22 69 1
1520 304 5 8,147,149
1524 508 3 109
1530 170 9 23
1533 219 7 35,86,96
1536 512 3 50,60,175
1540 140 11 29
1548 172 9 7
1550 50 31 3,11,17
1554 222 7 66,69,74
1560 24 65 8,9,11
1566 58 27 19
1572 524 3 167
1575 225 7 32
1580 316 5 135
1584 176 9 21,43,50
1590 530 3 1,2,25
1596 228 7 30,78,95
1600 64 25 1,18,29
1602 178 9 87
1608 536 3 1,2,165
1617 33 49 13
1620 4 405 1
1624 56 29 15,16,17
1632 32 51 2,6,7
1638 78 21 5,32,35
1640 40 41 2,5,12
1644 548 3 1,3,187
1650 50 33 3,11,17
1656 184 9 2,27,31
1659 237 7 4,73,78
1660 332 5 123
1662 554 3 1,2,162
1668 556 3 153
1674 62 27 1,16,30
1680 48 35 2,8,11
1686 562 3 1,2,56
1692 188 9 15,70,71
1698 566 3 153
1700 68 25 9
1701 243 7 33,50,74
1704 568 3 1,3,111
1705 55 31 24
1710 90 19 12,20,35
1716 132 13 29
1720 344 5 25,47,105
1722 246 7 4,33,114
1728 64 27 1,18,29
1740 116 15 12,21,48
1743 249 7 86
1746 194 9 87
1752 584 3 1,3,214
1758 586 3 1,2,14
1760 160 11 10,45,54
1764 12 147 1,4,6
1768 104 17 21,31,52
1770 590 3 93
1771 77 23 3,31,38
1776 592 3 1,2,143
1778 14 127 3,5,7
1780 356 5 28,159,163
1782 22 81 1
1785 255 7 52
1788 596 3 104,122,149
1794 598 3 1,2,131
1800 8 225 2,3,4
1806 14 129 3,5,7
1812 604 3 84,117,300
1818 202 9 55
1820 364 5 67
1827 261 7 4,70,80
1830 610 3 127
1836 68 27 9
1848 264 7 10,49,113
1854 206 9 15,80,81
1860 20 93 3
1866 622 3 297
1869 267 7 47,97,128
1870 170 11 23
1872 48 39 2,8,11
1880 376 5 19,104,138
1884 628 3 223
1890 30 63 5,13,14
1896 632 3 1,2,9
1900 76 25 15,20,29
1902 634 3 315
1904 112 17 8,15,17
1908 212 9 105
1911 39 49 4
1914 638 3 1,2,127
1920 128 15 1,21,35
1926 214 9 13,78,96
1932 276 7 31,37,46
1938 646 3 249
1940 388 5 36,63,64
1944 8 243 2,3,4
1950 650 3 3
1953 279 7 5
1956 652 3 93
1958 22 89 1
1960 392 5 91,149,175
1962 218 9 11
1968 656 3 1,2,39
1971 27 73 5,10,13
1974 282 7 35
1980 20 99 3
1986 662 3 297
1992 664 3 1,2,177
1995 285 7 39,46,72
1998 74 27 7,19,26
2000 16 125 2,3,5
2004 668 3 147
2010 670 3 153
2015 65 31 18
2016 96 21 19,23,29
2020 404 5 189
2022 674 3 1,2,22
2024 88 23 9,13,27
2028 12 169 1,4,6
2034 226 9 29,33,38
2037 291 7 49,55,124
2040 8 255 2,3,4
2052 36 57 11
2058 6 343 1
2060 412 5 147
2064 688 3 1,2,71
2070 230 9 14,31,69
2076 692 3 299
2079 297 7 5
2080 416 5 1,3,76
2088 232 9 5,30,85
2090 190 11 14,30,91
2094 698 3 215
2100 12 175 1,4,6
2106 26 81 5,6,7
2112 704 3 1,2,277
2118 706 3 1,2,27
2120 424 5 1,2,177
2121 303 7 104,142,148
2124 236 9 5
2136 712 3 1,3,83
2140 428 5 105
2142 102 21 31,41,43
2148 716 3 183
2160 16 135 2,3,5
2162 46 47 6,13,18
2163 309 7 79,134,137
2166 722 3 231
2170 70 31 1,18,26
2176 128 17 1,21,35
2178 242 9 23,78,90
2180 436 5 165
2184 24 91 8,9,11
2190 730 3 147
2196 244 9 39,45,90
2200 40 55 2,5,12
2205 45 49 9,14,18
2208 736 3 1,2,359
2214 82 27 11,15,41
2220 148 15 27
2226 318 7 59,95,136
2232 248 9 7,8,33
2238 746 3 351
2240 448 5 1,3,83
2244 748 3 133
2247 321 7 31
2250 250 9 103
2256 752 3 1,2,129
2260 452 5 145,184,218
2262 754 3 19
2265 15 151 1
2268 12 189 1,4,6
2277 99 23 21,24,34
2280 152 15 17,31,52
2286 254 9 54,73,118
2289 327 7 34
2292 764 3 1,2,12
2298 766 3 1,3,280
2300 92 25 10,37,38
2304 256 9 42,112,119
2310 30 77 5,13,14
2312 8 289 2,3,4
2316 772 3 7
2320 464 5 1,3,40
2322 86 27 30,32,37
2325 75 31 18,25,34
2328 776 3 1,2,51
2331 333 7 2
2334 778 3 375
2340 12 195 1,4,6
2346 782 3 329
2352 48 49 2,8,11
2358 262 9 6,53,113
2360 472 5 1,2,33
2373 339 7 20,103,122
2376 88 27 9,13,27
2380 476 5 15
2382 794 3 143
2394 18 133 7
2400 32 75 2,6,7
2408 56 43 15,16,17
2412 268 9 25
2415 345 7 22
2418 806 3 141
2420 20 121 3
2424 808 3 1,3,175
2430 10 243 3
2436 28 87 3
2440 488 5 1,2,123
2442 814 3 145
2448 16 153 2,3,5
2454 818 3 119
2457 351 7 34
2460 20 123 3
2466 274 9 67
2478 826 3 255
2480 80 31 16,29,31
2484 92 27 10,37,38
2485 35 71 2
2496 192 13 9,74,87
2499 51 49 5,9,17
2500 4 625 1
2502 278 9 5
2508 836 3 1,3,85
2514 838 3 61
2520 24 105 8,9,11
2526 842 3 47
2530 110 23 28,47,55
2538 94 27 21
2540 508 5 109
2541 363 7 9,76,148
2550 850 3 111
2556 284 9 119
2560 512 5 50,60,175
2562 366 7 29
2568 856 3 1,3,68
2574 286 9 69
2580 172 15 7
2583 369 7 91
2584 152 17 17,31,52
2586 862 3 349
2592 32 81 2,6,7
2598 866 3 75
2600 104 25 21,31,52
2604 372 7 49,103,142
2610 290 9 27,45,129
2620 524 5 167
2625 375 7 16
2628 36 73 11
2635 85 31 3,8,13
2640 80 33 16,29,31
2646 6 441 1
2652 204 13 42,83,87
2658 886 3 1,2,227
2660 532 5 1
2664 72 37 1,20,31
2667 21 127 2
2676 892 3 31
2680 536 5 1,2,165
2682 298 9 43,54,55
2688 384 7 9,104,159
2694 898 3 207
2700 4 675 1
2709 387 7 66,73,93
2712 904 3 1,3,60
2718 302 9 41
2720 32 85 2,6,7
2724 908 3 143
2730 390 7 89
2736 144 19 26,61,67
2740 548 5 1,3,187
2742 914 3 1,2,4
2750 250 11 103
2751 393 7 7
2754 34 81 7,14,17
2756 52 53 3
2760 184 15 2,27,31
2766 922 3 1,2,24
2772 132 21 29
2778 926 3 365
2780 556 5 153
2783 121 23 18
2790 10 279 3
2793 57 49 7
2800 112 25 8,15,17
2808 24 117 8,9,11
2814 402 7 62,114,123
2820 188 15 15,70,71
2826 314 9 15
2832 944 3 1,3,113
2835 405 7 1,2,38
2840 568 5 1,3,111
2844 316 9 135
2850 950 3 1,3,121
2856 24 119 8,9,11
2860 260 11 72,111,117
2862 106 27 15
2868 956 3 305
2874 958 3 1,2,191
2877 411 7 1,2,50
2880 64 45 1,18,29
2892 964 3 103
2898 138 21 9,15,68
2900 116 25 12,21,48
2910 970 3 1,2,260
2916 4 729 1
2919 417 7 107
2922 974 3 1,2,211
2928 976 3 1,2,285
2934 326 9 23,108,113
2937 33 89 13
2940 12 245 1,4,6
2945 95 31 11
2952 328 9 30,153,163
2960 592 5 1,2,143
2961 423 7 25
2964 228 13 30,78,95
2970 10 297 3
2976 992 3 1,3,71
2980 596 5 104,122,149
2982 994 3 223
2988 332 9 123
2992 176 17 21,43,50
2994 998 3 101
3000 8 375 2,3,4
3003 429 7 1,2,14
3006 1002 3 1,2,266
3010 70 43 1,18,26
3012 1004 3 1,2,96
3018 1006 3 1,2,63
3020 604 5 84,117,300
3024 48 63 2,8,11
3036 44 69 11,17,20
3040 608 5 1,2,213
3042 338 9 11,122,147
3045 435 7 1,2,166
3048 1016 3 1,2,49
3054 1018 3 1,2,27
3060 68 45 9
3066 438 7 65
3072 1024 3 1,3,53
3078 18 171 7
3080 280 11 29,88,95
3081 39 79 4
3087 9 343 4
3090 1030 3 93
3100 20 155 3
3102 1034 3 75
3108 1036 3 411
3120 48 65 2,8,11
3126 1042 3 439
3128 184 17 2,27,31
3129 447 7 73
3132 116 27 12,21,48
3138 1046 3 1,2,39
3140 628 5 223
3150 150 21 53
3156 1052 3 291
3162 1054 3 105
3164 28 113 3
3171 453 7 1,2,88
3174 1058 3 27
3180 212 15 105
3186 118 27 33
3190 290 11 27,45,129
3192 456 7 1,3,87
3198 1066 3 1,2,258
3200 128 25 1,21,35
3204 356 9 28,159,163
3210 1070 3 1,3,94
3213 459 7 1,3,108
3216 1072 3 1,2,443
3220 644 5 1,2,24
3222 358 9 20,104,133
3234 66 49 18,19,30
3240 8 405 2,3,4
3243 69 47 18,28,30
3246 1082 3 407
3248 112 29 8,15,17
3252 1084 3 189
3255 15 217 1
3258 362 9 63
3260 652 5 93
3264 64 51 1,18,29
3270 1090 3 79
3276 12 273 1,4,6
3280 80 41 16,29,31
3285 45 73 9,14,18
3288 1096 3 1,2,351
3289 143 23 4,31,45
3294 122 27 23,31,57
3297 471 7 1
3300 20 165 3
3306 1102 3 117
3318 474 7 191
3324 1108 3 327
3330 370 9 139
3336 1112 3 1,3,80
3342 1114 3 1,2,345
3348 124 27 37
3354 1118 3 1,2,475
3360 96 35 19,23,29
3366 374 9 1,50,109
3380 676 5 241
3381 69 49 18,28,30
3384 376 9 19,104,138
3390 1130 3 551
3396 1132 3 1,2,20
3400 8 425 2,3,4
3402 6 567 1
3408 1136 3 1,2,177
3410 10 341 3
3414 1138 3 31
3420 36 95 11
3422 58 59 19
3423 489 7 83
3426 1142 3 357
3432 264 13 10,49,113
3438 382 9 81
3440 688 5 1,2,71
3444 492 7 1,112,169
3450 1150 3 1,2,63
3456 128 27 1,21,35
3460 692 5 299
3462 1154 3 75
3465 495 7 76
3468 1156 3 307
3474 386 9 83
3480 232 15 5,30,85
3486 498 7 155
3492 388 9 36,63,64
3498 1166 3 189
3500 28 125 3
3504 1168 3 1,2,473
3507 501 7 1,3,24
3510 130 27 3
3516 1172 3 1,2,426
3520 320 11 47,63,113
3522 1174 3 133
3528 24 147 8,9,11
3534 1178 3 375
3536 208 17 49,83,102
3540 236 15 5
3542 154 23 16,50,51
3546 394 9 135
3549 507 7 1,2,26
3556 28 127 3
3558 1186 3 171
3560 712 5 1,3,83
3564 44 81 11,17,20
3565 115 31 18,39,55
3570 510 7 12,107,245
3576 1192 3 1,6,453
3580 716 5 183
3582 398 9 121,130,168
3588 276 13 31,37,46
3591 513 7 85
3600 16 225 2,3,5
3606 1202 3 287
3612 28 129 3
3618 134 27 57
3620 724 5 207
3630 10 363 3
3633 519 7 79
3636 404 9 189
3642 1214 3 257
3648 1216 3 1,2,155
3654 174 21 13
3660 60 61 1
3666 1222 3 1,2,215
3672 8 459 2,3,4
3675 75 49 18,25,34
3678 1226 3 167
3680 736 5 1,2,359
3684 1228 3 27
3690 410 9 47,72,180
3696 528 7 1,2,35
3700 148 25 27
3702 1234 3 427
3708 412 9 147
3714 1238 3 153
3720 40 93 2,5,12
3726 46 81 6,13,18
3732 1244 3 1,2,126
3738 534 7 79,145,258
3740 340 11 67,78,146
3744 96 39 19,23,29
3756 1252 3 97
3759 537 7 94
3760 752 5 1,2,129
3762 198 19 65
3768 1256 3 1,2,171
3780 12 315 1,4,6
3786 1262 3 1,3,35
3795 165 23 15,24,64
3798 422 9 149
3800 152 25 17,31,52
3801 543 7 16
3808 224 17 12,38,99
3816 424 9 1,2,177
3820 764 5 1,2,12
3822 78 49 5,32,35
3834 142 27 21
3840 256 15 42,112,119
3843 549 7 1,3,274
3846 1282 3 231
3850 350 11 53
3852 428 9 105
3858 1286 3 153
3860 772 5 7
3864 552 7 1,2,41
3870 430 9 1,3,158
3875 125 31 2,49,58
3880 776 5 1,2,51
3885 555 7 1,3,228
3888 16 243 2,3,5
3894 1298 3 399
3900 12 325 1,4,6
3906 186 21 2,40,67
3916 44 89 11,17,20
3918 1306 3 39
3920 784 5 1,2,59
3924 36 109 11
3927 561 7 71
3930 1310 3 333
3936 1312 3 1,3,56
3940 788 5 1,2,375
3942 18 219 7
3944 232 17 5,30,85
3948 564 7 163
3954 1318 3 1,3,94
3960 40 99 2,5,12
3969 81 49 4
3972 1324 3 337
3978 442 9 1,2,32
3980 796 5 1,2,36
3990 570 7 67
3996 36 111 11
4000 32 125 2,6,7
4008 1336 3 1,4,199
4011 573 7 1,2,220
4014 446 9 105
4020 268 15 25
4030 130 31 3
4032 192 21 9,74,87
4038 1346 3 1,2,57
4044 1348 3 553
4048 176 23 21,43,50
4050 50 81 3,11,17
4053 579 7 1,4,135
4056 24 169 8,9,11
4060 28 145 3
4062 1354 3 255
4068 452 9 145,184,218
4070 370 11 139
4074 582 7 85
4080 16 255 2,3,5
4086 1362 3 655
4095 585 7 121
4098 1366 3 1
4100 20 205 3
4104 72 57 1,20,31
4110 1370 3 1,2,108
4112 16 257 2,3,5
4116 12 343 1,4,6
4120 824 5 1,3,263
4122 458 9 203
4128 1376 3 1,3,167
4134 1378 3 1,2,362
4137 591 7 1,2,38
4140 92 45 10,37,38
4146 1382 3 1,3,58
4152 1384 3 1,3,88
4158 66 63 18,19,30
4160 832 5 1,2,39
4170 1390 3 129
4176 464 9 1,3,40
4179 597 7 1,2,64
4180 380 11 47
4185 135 31 11
4194 466 9 83,157,165
4200 24 175 8,9,11
4206 1402 3 127
4212 12 351 1,4,6
4214 98 43 11
4216 248 17 7,8,33
4220 844 5 105
4221 603 7 1,4,8
4224 1408 3 1,3,45
4230 470 9 149
4240 848 5 1,2,225
4242 1414 3 429
4248 472 9 1,2,33
4254 1418 3 1,2,283
4260 284 15 119
4263 87 49 13
4266 158 27 15,63,77
4272 1424 3 1,2,507
4278 1426 3 103
4280 856 5 1,3,68
4284 204 21 42,83,87
4290 130 33 3
4300 172 25 7
4301 187 23 6,30,64
4302 478 9 121
4305 615 7 211
4314 1438 3 357
4320 32 135 2,6,7
4324 92 47 10,37,38
4338 482 9 1,2,13
4340 140 31 29
4350 1450 3 1,2,155
4352 256 17 42,112,119
4356 484 9 105
4360 872 5 1,3,13
4362 1454 3 297
4368 48 91 2,8,11
4374 2 2187 1
4380 292 15 97
4389 627 7 1,2,37
4392 488 9 1,2,123
4398 1466 3 311
4400 80 55 16,29,31
4404 1468 3 181
4410 30 147 5,13,14
4420 884 5 173
4422 66 67 18,19,30
4428 164 27 20,54,79
4431 633 7 101
4434 1478 3 69
4440 296 15 21,25,59
4445 35 127 2
4446 234 19 31
4452 636 7 217
4458 1486 3 85
4460 892 5 31
4464 496 9 1,3,52
4473 639 7 16
4480 896 5 1,2,19
4482 166 27 24,55,57
4488 88 51 9,13,27
4494 642 7 119
4495 145 31 52
4500 4 1125 1
4506 1502 3 1,2,111
4510 410 11 47,72,180
4512 1504 3 1,2,207
4515 645 7 1,4,42
4518 502 9 1,2,99
4520 904 5 1,3,60
4524 348 13 36,46,75
4530 30 151 5,13,14
4536 24 189 8,9,11
4540 908 5 143
4542 1514 3 299
4548 1516 3 277
4554 22 207 1
4557 93 49 2
4560 304 15 8,147,149
4566 1522 3 1,2,47
4572 508 9 109
4578 1526 3 473
4584 1528 3 1,3,124
4590 170 27 23
4596 1532 3 1,2,466
4599 9 511 4
4600 184 25 2,27,31
4602 1534 3 225
4608 512 9 50,60,175
4614 1538 3 1,2,6
4620 60 77 1
4624 16 289 2,3,5
4626 1542 3 365
4638 1546 3 1,3,39
4640 928 5 1,2,33
4641 663 7 257
4644 172 27 7
4650 50 93 3,11,17
4656 48 97 2,8,11
4660 932 5 177
4662 222 21 66,69,74
4680 24 195 8,9,11
4683 669 7 1,2,314
4686 1562 3 95
4692 1564 3 7
4698 58 81 19
4700 188 25 15,70,71
4704 96 49 19,23,29
4716 524 9 167
4720 944 5 1,3,113
4722 1574 3 1,2,331
4725 675 7 1,2,214
4728 1576 3 1,2,147
4730 430 11 1,3,158
4734 1578 3 731
4740 316 15 135
4746 678 7 1,2,95
4752 176 27 21,43,50
4760 56 85 15,16,17
4767 681 7 1,2,83
4770 530 9 1,2,25
4780 956 5 305
4782 1594 3 1,3,221
4788 36 133 11
4800 64 75 1,18,29
4805 5 961 2
4806 178 27 87
4807 209 23 6
4809 687 7 13
4816 112 43 8,15,17
4818 1606 3 153
4820 964 5 103
4824 536 9 1,2,165
4830 1610 3 1,2,250
4836 372 13 49,103,142
4840 40 121 2,5,12
4842 1614 3 1,3,198
4851 99 49 21,24,34
4854 1618 3 211
4860 4 1215 1
4866 1622 3 1,3,338
4872 56 87 15,16,17
4878 1626 3 1,2,191
4880 976 5 1,2,285
4884 1628 3 603
4890 1630 3 741
4893 699 7 1,2,40
4895 55 89 24
4896 32 153 2,6,7
4900 196 25 23,24,79
4908 1636 3 37
4914 78 63 5,32,35
4920 40 123 2,5,12
4926 1642 3 231
4932 548 9 1,3,187
4935 705 7 19
4938 1646 3 1,2,435
4940 988 5 121
4944 1648 3 1,2,77
4950 50 99 3,11,17
4960 160 31 10,45,54
4962 1654 3 1,3,201
4968 184 27 2,27,31
4970 70 71 1,18,26
4974 1658 3 1,2,552
4977 711 7 92
4980 332 15 123
4986 554 9 1,2,162
4992 384 13 9,104,159
4998 102 49 31,41,43
5000 8 625 2,3,4
5004 556 9 153
5010 1670 3 1,2,19
5016 1672 3 1,2,405
5019 717 7 1,2,320
5022 62 81 1,16,30
5028 1676 3 363
5032 296 17 21,25,59
5034 1678 3 129
5040 48 105 2,8,11
5046 1682 3 1,2,354
5052 1684 3 1,2,474
5058 562 9 1,2,56
5060 44 115 11,17,20
5061 723 7 1,2,268
5064 1688 3 1,3,419
5070 1690 3 1,2,200
5076 188 27 15,70,71
5080 1016 5 1,2,49
5082 726 7 5
5088 1696 3 1,2,737
5094 566 9 153
5100 68 75 9
5103 729 7 58
5112 568 9 1,3,111
5115 165 31 15,24,64
5118 1706 3 1,2,574
5120 1024 5 1,3,53
5124 732 7 343
5130 90 57 12,20,35
5142 1714 3 1,2,191
5145 15 343 1
5148 132 39 29
5154 1718 3 1,2,535
5160 1720 3 1,2,525
5166 246 21 4,33,114
5168 304 17 8,147,149
5170 470 11 149
5180 1036 5 411
5184 64 81 1,18,29
5187 741 7 1,2,34
5190 1730 3 1,2,316
5196 1732 3 1,2,75
5200 208 25 49,83,102
5208 744 7 1,2,347
5220 116 45 12,21,48
5226 1742 3 869
5229 747 7 1,2,158
5232 1744 3 1,2,35
5238 194 27 87
5240 1048 5 1,3,172
5250 1750 3 457
5253 51 103 5,9,17
5256 72 73 1,20,31
5260 1052 5 291
5262 1754 3 1,2,75
5268 1756 3 99
5270 170 31 23
5271 753 7 158
5274 586 9 1,2,14
5280 160 33 10,45,54
5292 12 441 1,4,6
5298 1766 3 1,3,14
5300 212 25 105
5304 24 221 8,9,11
5310 590 9 93
5313 33 161 13
5316 1772 3 371
5328 144 37 26,61,67
5334 14 381 3,5,7
5340 356 15 28,159,163
5346 22 243 1
5352 1784 3 1,3,49
5355 765 7 1,2,137
5358 1786 3 1,2,614
5360 1072 5 1,2,443
5364 596 9 104,122,149
5376 768 7 1,2,115
5382 598 9 1,2,131
5388 1796 3 1,2,829
5390 490 11 219
5397 771 7 1,2,86
5400 8 675 2,3,4
5405 115 47 18,39,55
5406 1802 3 843
5412 1804 3 747
5418 14 387 3,5,7
5420 1084 5 189
5425 175 31 6
5430 1810 3 171
5436 604 9 84,117,300
5439 111 49 10
5440 64 85 1,18,29
5442 1814 3 545
5448 1816 3 1,2,887
5454 202 27 55
5460 12 455 1,4,6
5466 1822 3 1,3,31
5472 288 19 63,78,107
5478 1826 3 1,2,298
5481 783 7 68
5490 610 9 127
5496 1832 3 1,7,89
5500 20 275 3
5502 786 7 1,2,118
5508 68 81 9
5512 104 53 21,31,52
5523 789 7 1,2,5
5526 1842 3 1,2,799
5532 1844 3 339
5540 1108 5 327
5544 264 21 10,49,113
5556 1852 3 1,2,339
5560 1112 5 1,3,80
5562 206 27 15,80,81
5565 795 7 1,2,137
5566 242 23 23,78,90
5576 328 17 9,73,154
5580 20 279 3
5586 114 49 13,34,49
5592 1864 3 1,3,885
5598 622 9 297
5600 224 25 12,38,99
5604 1868 3 1,2,250
5607 801 7 217
5610 170 33 23
5616 48 117 2,8,11
5620 1124 5 1,2,156
5622 1874 3 1,2,70
5628 1876 3 1,2,122
5634 1878 3 253
5640 376 15 19,104,138
5646 1882 3 1,2,128
5649 807 7 7
5652 628 9 223
5660 1132 5 1,2,20
5664 1888 3 1,2,923
5670 30 189 5,13,14
5676 1892 3 1,3,497
5680 1136 5 1,2,177
5682 1894 3 1,3,215
5684 196 29 23,24,79
5688 632 9 1,2,9
5691 813 7 1,3,10
5694 1898 3 1,2,613
5700 76 75 15,20,29
5706 634 9 315
5712 48 119 2,8,11
5718 1906 3 931
5720 520 11 1,3,206
5724 212 27 105
5730 1910 3 1,3,365
5733 117 49 1,3,30
5735 185 31 24
5740 140 41 29
5742 638 9 1,2,127
5754 1918 3 477
5760 128 45 1,21,35
5775 825 7 38
5778 214 27 13,78,96
5780 1156 5 307
5784 24 241 8,9,11
5790 1930 3 1,2,155
5796 276 21 31,37,46
5800 232 25 5,30,85
5802 1934 3 413
5808 1936 3 1,2,117
5814 306 19 40,67,151
5817 831 7 49
5819 11 529 2
5820 388 15 36,63,64
5826 1942 3 1,2,147
5830 530 11 1,2,25
5832 8 729 2,3,4
5838 1946 3 51
5840 1168 5 1,2,473
5844 1948 3 603
5848 344 17 25,47,105
5850 650 9 3
5856 1952 3 1,3,65
5859 837 7 1,2,365
5860 1172 5 1,2,426
5868 652 9 93
5874 22 267 1
5880 24 245 8,9,11
5886 218 27 11
5890 190 31 14,30,91
5892 1964 3 21
5900 236 25 5
5901 843 7 1,2,322
5904 656 9 1,2,39
5910 1970 3 1,2,388
5913 81 73 4
5916 1972 3 1,2,474
5922 282 21 35
5928 456 13 1,3,87
5934 1978 3 1,2,158
5940 20 297 3
5943 849 7 253
5958 662 9 297
5964 1988 3 555
5970 1990 3 133
5976 664 9 1,2,177
5982 1994 3 15
5985 855 7 29
5994 74 81 7,19,26
6000 16 375 2,3,5
6006 2002 3 1,2,288
6012 668 9 147
6018 2006 3 917
6020 28 215 3
6024 2008 3 1,2,395
6027 123 49 2
6030 670 9 153
6036 2012 3 1,2,181
6040 1208 5 1,3,458
6045 195 31 18,39,97
6048 96 63 19,23,29
6050 50 121 3,11,17
6054 2018 3 1,3,152
6060 404 15 189
6066 674 9 1,2,22
6072 88 69 9,13,27
6080 1216 5 1,2,155
6084 12 507 1,4,6
6090 2030 3 1,2,253
6100 244 25 39,45,90
6102 226 27 29,33,38
6108 2036 3 71
6111 873 7 352
6114 2038 3 1,2,131
6120 8 765 2,3,4
6126 2042 3 1,2,78
6132 2044 3 45
6140 1228 5 27
6144 2048 3 1,3,1013
6150 2050 3 1,2,482
6153 879 7 11
6156 36 171 11
6160 560 11 1,2,157
6162 78 79 5,32,35
6174 6 1029 1
6180 412 15 147
6192 688 9 1,2,71
6195 885 7 1,6,387
6198 2066 3 71
6200 40 155 2,5,12
6210 230 27 14,31,69
6216 2072 3 1,2,73
6220 1244 5 1,2,126
6222 2074 3 231
6223 49 127 9
6228 692 9 299
6234 2078 3 1,2,733
6237 891 7 1,2,364
6240 96 65 19,23,29
6258 894 7 173
6264 232 27 5,30,85
6270 190 33 14,30,91
6276 2092 3 1,2,657
6279 897 7 113
6280 1256 5 1,2,171
6282 698 9 215
6288 2096 3 1,2,153
6294 2098 3 19
6300 12 525 1,4,6
6312 2104 3 1,3,225
6318 26 243 5,6,7
6320 1264 5 1,2,285
6321 129 49 5
6325 275 23 20,45,92
6328 56 113 15,16,17
6330 2110 3 1,2,693
6336 704 9 1,2,277
6340 1268 5 345
6342 906 7 187
6348 2116 3 25
6354 706 9 1,2,27
6355 205 31 12,31,57
6360 424 15 1,2,177
6363 909 7 1,3,168
6366 2122 3 91
6372 236 27 5
6378 2126 3 881
6380 580 11 166,198,237
6384 912 7 1,3,283
6390 2130 3 239
6392 376 17 19,104,138
6396 492 13 1,112,169
6400 256 25 42,112,119
6408 712 9 1,3,83
6420 428 15 105
6426 102 63 31,41,43
6432 2144 3 1,2,657
6438 2146 3 595
6440 1288 5 1,2,215
6444 716 9 183
6447 921 7 221
6450 2150 3 569
6456 2152 3 1,2,273
6462 2154 3 1,3,168
6468 132 49 29
6480 16 405 2,3,5
6486 46 141 6,13,18
6489 927 7 403
6490 590 11 93
6496 224 29 12,38,99
6498 18 361 7
6500 52 125 3
6510 30 217 5,13,14
6516 2172 3 1,2,70
6520 1304 5 1,3,574
6522 2174 3 225
6528 128 51 1,21,35
6531 933 7 1,3,286
6534 242 27 23,78,90
6540 436 15 165
6546 2182 3 93
6552 24 273 8,9,11
6558 2186 3 51
6560 160 41 10,45,54
6570 90 73 12,20,35
6578 286 23 69
6588 244 27 39,45,90
6594 2198 3 893
6600 40 165 2,5,12
6612 2204 3 1,2,312
6615 135 49 11
6618 2206 3 793
6620 1324 5 337
6622 154 43 16,50,51
6624 736 9 1,2,359
6630 2210 3 539
6636 2212 3 423
6640 1328 5 1,2,507
6642 82 81 11,15,41
6648 2216 3 1,3,80
6654 2218 3 603
6657 951 7 260
6660 36 185 11
6664 392 17 91,149,175
6665 215 31 23
6666 2222 3 333
6678 318 21 59,95,136
6680 1336 5 1,4,199
6684 2228 3 425
6690 2230 3 637
6696 248 27 7,8,33
6699 957 7 1,2,158
6700 268 25 25
6702 2234 3 1,2,295
6708 516 13 14,144,243
6710 610 11 127
6714 746 9 351
6720 192 35 9,74,87
6726 2242 3 7
6732 748 9 133
6740 1348 5 553
6741 963 7 1,2,145
6750 250 27 103
6756 2252 3 75
6757 29 233 2
6760 1352 5 1,2,583
6762 138 49 9,15,68
6768 752 9 1,2,129
6780 452 15 145,184,218
6783 969 7 74
6786 754 9 19
6795 45 151 9,14,18
6798 2266 3 343
6800 16 425 2,3,5
6804 12 567 1,4,6
6806 82 83 11,15,41
6810 2270 3 369
6816 2272 3 1,3,192
6820 20 341 3
6825 975 7 19
6828 2276 3 21
6831 297 23 5
6834 2278 3 1,2,815
6840 72 95 1,20,31
6844 116 59 12,21,48
6846 978 7 1,2,376
6852 2284 3 889
6853 77 89 3,31,38
6858 254 27 54,73,118
6860 1372 5 181
6864 528 13 1,2,35
6870 2290 3 1,2,404
6876 764 9 1,2,12
6880 1376 5 1,3,167
6888 984 7 1,2,349
6894 766 9 1,3,280
6900 92 75 10,37,38
6906 2302 3 1,3,210
6909 141 49 39,49,54
6912 256 27 42,112,119
6918 2306 3 551
6920 1384 5 1,3,88
6924 2308 3 31
6930 30 231 5,13,14
6936 8 867 2,3,4
6948 772 9 7
6951 993 7 62
6954 2318 3 245
6960 464 15 1,3,40
6966 86 81 30,32,37
6972 996 7 65
6975 225 31 32
6980 1396 5 97
6984 776 9 1,2,51
6990 2330 3 1,2,618
6993 999 7 59
6996 2332 3 349
7000 56 125 15,16,17
7002 778 9 375
7008 2336 3 1,3,884
7014 1002 7 1,2,266
7020 12 585 1,4,6
7026 2342 3 65
7032 2344 3 1,2,461
7035 1005 7 1,2,41
7038 782 9 329
7040 640 11 1,3,253
7044 2348 3 731
7050 2350 3 1,3,778
7056 48 147 2,8,11
7068 2356 3 183
7072 416 17 1,3,76
7074 262 27 6,53,113
7077 21 337 2
7080 472 15 1,2,33
7084 308 23 47,86,125
7086 2362 3 1,2,830
7092 2364 3 643
7098 1014 7 385
7100 284 25 119
7104 2368 3 1,3,613
7110 2370 3 1,2,269
7112 56 127 15,16,17
7116 2372 3 1139
7120 1424 5 1,2,507
7122 2374 3 1,2,275
7128 88 81 9,13,27
7130 230 31 14,31,69
7134 2378 3 243
7140 204 35 42,83,87
7146 794 9 143
7150 650 11 3
7152 2384 3 1,2,279
7160 1432 5 1,2,251
7161 1023 7 7
7164 2388 3 11
7170 2390 3 629
7176 552 13 1,2,41
7180 1436 5 83
7182 18 399 7
7200 32 225 2,6,7
7203 3 2401 1
7208 424 17 67,109,211
7218 2406 3 1,2,601
7220 1444 5 595
7224 56 129 15,16,17
7227 99 73 21,24,34
7230 2410 3 807
7236 268 27 25
7240 1448 5 1,3,212
7242 2414 3 29
7245 1035 7 1,2,76
7248 2416 3 1,3,416
7254 806 9 141
7260 20 363 3
7266 1038 7 1,2,41
7272 808 9 1,3,175
7278 2426 3 1,2,496
7280 1456 5 1,3,33
7284 2428 3 301
7285 235 31 6,88,101
7287 1041 7 412
7290 10 729 3
7300 292 25 97
7302 2434 3 507
7308 28 261 3
7314 2438 3 929
7320 120 61 4,17,59
7326 814 9 145
7329 1047 7 10
7332 564 13 163
7337 319 23 36
7338 2446 3 1,3,546
7340 1468 5 181
7344 16 459 2,3,5
7350 150 49 53
7360 1472 5 1,2,613
7362 818 9 119
7368 2456 3 1,3,800
7370 670 11 153
7371 1053 7 1,2,290
7374 2458 3 1,2,260
7380 20 369 3
7392 1056 7 1,2,11
7398 274 27 67
7400 296 25 21,25,59
7404 2468 3 99
7413 1059 7 1,3,6
7428 2476 3 1,2,573
7434 826 9 255
7440 80 93 16,29,31
7452 92 81 10,37,38
7455 105 71 16
7460 1492 5 307
7464 2488 3 1,2,143
7476 2492 3 141
7480 40 187 2,5,12
7482 2494 3 1,4,303
7488 192 39 9,74,87
7497 153 49 1
7500 4 1875 1
7506 278 27 5
7512 2504 3 1,2,157
7518 2506 3 1,2,336
7520 1504 5 1,2,207
7524 396 19 25
7530 2510 3 1113
7536 2512 3 1,3,1171
7539 1077 7 1,2,521
7540 1508 5 599
7542 838 9 61
7548 2516 3 563
7554 2518 3 1,2,273
7560 24 315 8,9,11
7567 161 47 18
7572 2524 3 1,2,185
7578 842 9 47
7590 110 69 28,47,55
7595 245 31 11,70,105
7596 2532 3 1,2,34
7600 304 25 8,147,149
7602 2534 3 185
7608 2536 3 1,2,611
7614 94 81 21
7616 448 17 1,3,83
7620 508 15 109
7623 1089 7 91
7626 2542 3 97
7638 2546 3 891
7640 1528 5 1,3,124
7644 12 637 1,4,6
7650 850 9 111
7656 2552 3 1,3,1163
7660 1532 5 1,2,466
7662 2554 3 1123
7665 1095 7 139
7668 284 27 119
7674 2558 3 1,3,85
7680 512 15 50,60,175
7686 366 21 29
7692 2564 3 561
7698 2566 3 37
7700 140 55 29
7704 856 9 1,3,68
7707 1101 7 1,2,14
7716 2572 3 535
7722 286 27 69
7728 1104 7 1,2,259
7734 2578 3 1,2,288
7740 172 45 7
7746 2582 3 1,2,1089
7749 1107 7 1,2,176
7750 250 31 103
7752 152 51 17,31,52
7758 862 9 349
7760 1552 5 1,2,83
7770 2590 3 1017
7776 32 243 2,6,7
7780 1556 5 65
7788 2596 3 145
7791 159 49 31
7794 866 9 75
7800 24 325 8,9,11
7806 2602 3 1,2,438
7810 710 11 1,3,29
7812 372 21 49,103,142
7818 2606 3 1181
7820 1564 5 7
7824 2608 3 1,2,401
7826 182 43 53,69,82
7830 290 27 27,45,129
7832 88 89 9,13,27
7833 1119 7 283
7840 1568 5 1,2,133
7843 341 23 4,10,134
7848 72 109 1,20,31
7854 1122 7 427
7860 524 15 167
7866 414 19 78,85,126
7872 2624 3 1,2,375
7875 1125 7 1,2,206
7878 2626 3 43
7880 1576 5 1,2,147
7884 36 219 11
7888 464 17 1,3,40
7890 2630 3 177
7896 1128 7 1,3,7
7900 316 25 135
7905 255 31 52
7908 2636 3 1,2,52
7914 2638 3 1,3,10
7917 1131 7 1,2,188
7920 80 99 16,29,31
7926 2642 3 551
7932 2644 3 597
7938 6 1323 1
7944 2648 3 1,2,193
7950 2650 3 1,3,563
7956 204 39 42,83,87
7959 1137 7 277
7960 1592 5 1,2,223
7962 2654 3 1,2,757
7974 886 9 1,2,227
7980 228 35 30,78,95
7992 72 111 1,20,31
7998 2666 3 663
8000 64 125 1,18,29
8001 63 127 1
8010 2670 3 229
8022 1146 7 131
8024 472 17 1,2,33
8028 892 9 31
8030 730 11 147
8040 536 15 1,2,165
8043 1149 7 1,2,221
8046 298 27 43,54,55
8052 2684 3 1,2,60
8058 2686 3 789
8060 260 31 72,111,117
8064 384 21 9,104,159
8076 2692 3 577
8080 1616 5 1,2,139
8082 898 9 207
8085 165 49 15,24,64
8088 2696 3 1,3,994
8094 2698 3 963
8100 4 2025 1
8106 1158 7 245
8112 48 169 2,8,11
8120 56 145 15,16,17
8124 2708 3 423
8127 1161 7 365
8130 2710 3 1,2,135
8136 904 9 1,3,60
8140 740 11 153
8142 2714 3 1,2,1284
8148 1164 7 19
8154 302 27 41
8160 32 255 2,6,7
8164 52 157 3
8166 2722 3 127
8169 1167 7 133
8172 908 9 143
8178 2726 3 1,3,226
8180 1636 5 37
8184 2728 3 1,2,1271
8190 390 21 89
8196 2732 3 845
8200 40 205 2,5,12
8208 144 57 26,61,67
8215 265 31 42
8220 548 15 1,3,187
8224 32 257 2,6,7
8226 914 9 1,2,4
8232 24 343 8,9,11
8240 1648 5 1,2,77
8250 250 33 103
8251 37 223 2,8,13
8253 1179 7 1,3,58
8256 2752 3 1,2,245
8260 1652 5 45
8262 34 243 7,14,17
8268 52 159 3
8274 2758 3 1,2,1323
8280 184 45 2,27,31
8286 2762 3 1319
8292 2764 3 687
8295 1185 7 134
8296 488 17 1,2,123
8298 922 9 1,2,24
8300 332 25 123
8316 132 63 29
8320 1664 5 1,2,399
8328 2776 3 1,3,111
8334 926 9 365
8337 1191 7 196
8340 556 15 153
8346 2782 3 1,2,1337
8349 363 23 9,76,148
8352 2784 3 1,3,664
8358 1194 7 1,2,317
8360 760 11 1,2,17
8370 10 837 3
8379 171 49 45,57,65
8380 1676 5 363
8388 2796 3 769
8394 2798 3 1,3,139
8400 48 175 2,8,11
8406 2802 3 1,2,28
8418 2806 3 729
8420 1684 5 1,2,474
8421 1203 7 1,2,226
8424 24 351 8,9,11
8428 196 43 23,24,79
8430 2810 3 1,2,493
8432 496 17 1,3,52
8436 2812 3 453
8440 1688 5 1,3,419
8442 402 21 62,114,123
8448 2816 3 1,2,279
8454 2818 3 1,2,155
8460 188 45 15,70,71
8463 1209 7 118
8470 70 121 1,18,26
8472 2824 3 1,3,428
8478 314 27 15
8480 1696 5 1,2,737
8484 1212 7 203
8490 2830 3 1,2,1079
8496 944 9 1,3,113
8500 68 125 9
8505 1215 7 302
8508 2836 3 1113
8520 568 15 1,3,111
8525 275 31 20,45,92
8526 174 49 13
8532 316 27 135
8538 2846 3 1,2,333
8540 1708 5 93
8541 117 73 1,3,30
8544 2848 3 1,3,389
8547 1221 7 1,2,101
8550 450 19 79
8560 1712 5 1,2,445
8562 2854 3 313
8568 24 357 8,9,11
8574 2858 3 1,2,126
8580 60 143 1
8586 106 81 15
8589 1227 7 1,2,361
8592 2864 3 1,2,627
8598 2866 3 1,2,509
8600 344 25 25,47,105
8602 374 23 1,50,109
8604 956 9 305
8622 958 9 1,2,191
8631 1233 7 151
8640 64 135 1,18,29
8646 2882 3 1431
8648 184 47 2,27,31
8652 1236 7 151
8658 2886 3 1,3,357
8660 1732 5 1,2,75
8664 2888 3 1,3,484
8673 177 49 8
8676 964 9 103
8680 280 31 29,88,95
8682 2894 3 1,3,1133
8688 2896 3 1,3,51
8690 790 11 1,2,111
8694 138 63 9,15,68
8700 116 75 12,21,48
8704 512 17 50,60,175
8706 2902 3 1,3,506
8712 2904 3 1,2,977
8715 1245 7 1,2,212
8718 2906 3 1155
8720 1744 5 1,2,35
8724 2908 3 1,2,1056
8730 970 9 1,2,260
8736 96 91 19,23,29
8740 1748 5 567
8742 2914 3 351
8748 4 2187 1
8757 1251 7 1,4,48
8760 1752 5 1,2,559
8766 974 9 1,2,211
8772 2924 3 1,2,27
8778 1254 7 1,3,103
8780 1756 5 99
8784 976 9 1,2,285
8799 1257 7 289
8800 160 55 10,45,54
8802 326 27 23,108,113
8811 99 89 21,24,34
8814 2938 3 499
8820 12 735 1,4,6
8826 2942 3 1425
8835 285 31 39,46,72
8838 2946 3 551
8840 104 85 21,31,52
8841 1263 7 77
8844 132 67 29
8850 2950 3 397
8855 385 23 6
8856 328 27 30,153,163
8862 1266 7 7
8880 592 15 1,2,143
8883 1269 7 1,2,484
8890 70 127 1,18,26
8892 36 247 11
8898 2966 3 861
8900 356 25 28,159,163
8904 1272 7 1,2,223
8910 10 891 3
8920 1784 5 1,3,49
8925 1275 7 1,2,25
8928 992 9 1,3,71
8932 308 29 47,86,125
8934 2978 3 375
8940 596 15 104,122,149
8946 994 9 223
8958 2986 3 343
8960 1792 5 1,2,341
8964 332 27 123
8967 183 49 56
8970 2990 3 1,2,37
8976 176 51 21,43,50
8980 1796 5 1,2,829
8982 998 9 101
8988 1284 7 223
8990 290 31 27,45,129
9000 8 1125 2,3,4
9009 1287 7 470
9018 1002 9 1,2,266
9020 20 451 3
9030 70 129 1,18,26
9036 1004 9 1,2,96
9040 1808 5 1,2,25
9048 696 13 1,2,241
9051 1293 7 1,2,26
9054 1006 9 1,2,63
9060 60 151 1
9072 48 189 2,8,11
9080 1816 5 1,2,887
9100 364 25 67
9108 44 207 11,17,20
9112 536 17 1,2,165
9114 186 49 2,40,67
9120 1824 5 1,2,821
9126 338 27 11,122,147
9130 830 11 1,2,241
9135 1305 7 326
9140 1828 5 273
9144 1016 9 1,2,49
9145 295 31 48
9162 1018 9 1,2,27
9177 1311 7 476
9180 68 135 9
9198 18 511 7
9200 1840 5 1,2,195
9216 1024 9 1,3,53
9219 1317 7 1,2,254
9234 18 513 7
9240 120 77 4,17,59
9243 117 79 1,3,30
9248 32 289 2,6,7
9260 1852 5 1,2,339
9261 27 343 5,10,13
9270 1030 9 93
9280 1856 5 1,2,585
9282 1326 7 397
9300 20 465 3
9306 1034 9 75
9312 96 97 19,23,29
9316 68 137 9
9324 36 259 11
9340 1868 5 1,2,250
9345 1335 7 392
9350 850 11 111
9360 48 195 2,8,11
9361 407 23 71
9378 1042 9 439
9380 1876 5 1,2,122
9384 184 51 2,27,31
9387 1341 7 1,2,53
9396 116 81 12,21,48
9400 376 25 19,104,138
9408 192 49 9,74,87
9414 1046 9 1,2,39
9420 628 15 223
9429 1347 7 1,2,61
9440 1888 5 1,2,923
9450 150 63 53
9455 305 31 102
9460 1892 5 1,3,497
9468 1052 9 291
9480 1896 5 1,2,451
9486 1054 9 105
9492 28 339 3
9500 76 125 15,20,29
9513 1359 7 98
9516 732 13 343
9520 112 85 8,15,17
9522 1058 9 27
9534 1362 7 655
9540 212 45 105
9555 195 49 18,39,97
9558 118 81 33
9560 1912 5 1,2,599
9570 290 33 27,45,129
9576 72 133 1,20,31
9580 1916 5 1,2,502
9594 1066 9 1,2,258
9597 1371 7 1,2,145
9600 128 75 1,21,35
9610 10 961 3
9612 356 27 28,159,163
9614 418 23 26,75,209
9620 1924 5 327
9630 1070 9 1,3,94
9632 224 43 12,38,99
9639 1377 7 100
9640 1928 5 1,2,763
9648 1072 9 1,2,443
9656 568 17 1,3,111
9660 276 35 31,37,46
9666 358 27 20,104,133
9672 744 13 1,2,347
9680 80 121 16,29,31
9681 1383 7 130
9700 388 25 36,63,64
9702 66 147 18,19,30
9720 8 1215 2,3,4
9723 1389 7 1,2,41
9729 207 47 43
9738 1082 9 407
9740 1948 5 603
9744 112 87 8,15,17
9756 1084 9 189
9765 45 217 9,14,18
9774 362 27 63
9779 77 127 3,31,38
9780 652 15 93
9786 1398 7 601
9790 110 89 28,47,55
9792 64 153 1,18,29
9800 392 25 91,149,175
9807 1401 7 92
9810 1090 9 79
9820 1964 5 21
9828 12 819 1,4,6
9840 80 123 16,29,31
9849 201 49 14
9855 135 73 11
9860 1972 5 1,2,474
9864 1096 9 1,2,351
9867 429 23 1,2,14
9870 1410 7 383
9880 1976 5 1,7,786
9882 122 81 23,31,57
9900 20 495 3
9912 1416 7 1,3,231
9918 522 19 259
9920 320 31 47,63,113
9928 584 17 1,3,214
9930 30 331 5,13,14
9933 1419 7 1,2,592
9940 140 71 29
9954 474 21 191
9960 1992 5 1,3,376
9972 1108 9 327
9975 1425 7 88
9980 1996 5 307
9984 768 13 1,2,115
9990 370 27 139
9996 204 49 42,83,87
10000 16 625 2,3,5
