# Hsu 1996 Thm 2.4 = Cohen 2005 Thm 2.1 at the half-degree window
# bound: #{monic irred, deg n, top L coeffs prescribed} >=
#        q^{n-L}/n - (L+1) q^{n/2}/n,   L = ceil(n/2)-1-slack
# positive  <=>  q^{n-2L} > (L+1)^2   (exact integer test)
#
# p|l|q|odd_reach|even_reach|odd_reach_slack1
3|11|177147|839|354292|149118215
5|8|390625|1247|781248|488281249
7|7|823543|1813|1647084|1494718521
11|6|1771561|2659|3543120|4715895381
13|6|4826809|4391|9653616|21208998745
23|5|6436343|5071|12872684|32657938421
29|5|20511149|9055|41022296|185786853653
17|6|24137569|9823|48275136|237175752993
31|5|28629151|10699|57258300|306367504751
19|6|47045881|13715|94091760|645375395557
89|4|62742241|15839|125484480|993962581921
37|5|69343957|16653|138687912|1154896130311
97|4|88529281|18815|177058560|1665944009857
101|4|104060401|20399|208120800|2123040301201
103|4|112550881|21215|225101760|2388104593057
41|5|115856201|21525|231712400|2494071622863
107|4|131079601|22895|262159200|3001460703697
109|4|141158161|23759|282316320|3354200221681
43|5|147008443|24247|294016884|3564867664191
113|4|163047361|25535|326094720|4163903505217
47|5|229345007|30287|458690012|6946466252943
127|4|260144641|32255|520289280|8391745829377
131|4|294499921|34319|588999840|10107826288561
137|4|352275361|37535|704550720|13223712501217
#
# slack sweep at q = 3^11 (odd n), showing the endpoint-only gap
# slack|odd_reach
0|839
1|149118215
2|26415844564135
3|4679487617002621961
4|828957192889163471980999
5|146847279848736641571017026509
