# Bagshaw arXiv:2401.10399 Thm 1.5 applied to F = T^ceil(n/2), omega -> 1/2
# admissible iff p is ODD and p^(l-2) > 961 e^2 = 7100.882911
# p l_min q_min = p^l_min
2 -- -- EXCLUDED: arXiv:2401.10399 fixes q an ODD prime power
3 11 177147
5 8 390625
7 7 823543
11 6 1771561
13 6 4826809
17 6 24137569
19 6 47045881
23 5 6436343
29 5 20511149
31 5 28629151
37 5 69343957
41 5 115856201
43 5 147008443
47 5 229345007
53 5 418195493
59 5 714924299
61 5 844596301
67 5 1350125107
71 5 1804229351
73 5 2073071593
79 5 3077056399
83 5 3939040643
89 4 62742241
97 4 88529281
101 4 104060401
103 4 112550881
107 4 131079601
109 4 141158161
113 4 163047361
127 4 260144641
131 4 294499921
137 4 352275361
139 4 373301041
149 4 492884401
151 4 519885601
157 4 607573201
163 4 705911761
167 4 777796321
173 4 895745041
179 4 1026625681
181 4 1073283121
191 4 1330863361
193 4 1387488001
197 4 1506138481
199 4 1568239201
