# worst |T_{j,s}|/(#X (j-1) 2^ceil(n/2)) over layers a<=j<=ell with order >= 2^smin, vs threshold 1/(4 ell)
# generated 2026-08-21 from axeyum-gf2-dump-populations (branch agent/gf2/lemire-proof lib) + lemire_layers.py
ell n thr s>=1 s>=2 s>=3 s>=4 (each: ratio (j,s))
12 25 0.02083 0.06597 (7,2) 0.06597 (7,2) 0.04576 (8,4) 0.04576 (8,4)
14 29 0.01786 0.07666 (9,1) 0.03705 (11,2) 0.03230 (11,3) 0.02090 (9,4)
14 30 0.01786 0.06323 (9,4) 0.06323 (9,4) 0.06323 (9,4) 0.06323 (9,4)
16 33 0.01562 0.03624 (15,1) 0.02119 (11,2) 0.01438 (11,4) 0.01438 (11,4)
16 34 0.01562 0.01953 (11,1) 0.01596 (11,2) 0.01538 (13,3) 0.01501 (12,4)
18 37 0.01389 0.03737 (13,2) 0.03737 (13,2) 0.00742 (13,4) 0.00742 (13,4)
18 38 0.01389 0.04800 (17,1) 0.01256 (14,2) 0.00740 (12,3) 0.00634 (12,4)
20 41 0.01250 0.01572 (14,2) 0.01572 (14,2) 0.00562 (14,4) 0.00562 (14,4)
20 42 0.01250 0.03920 (15,1) 0.00570 (15,3) 0.00570 (15,3) 0.00195 (15,4)
22 45 0.01136 0.01093 (17,2) 0.01093 (17,2) 0.00259 (18,4) 0.00259 (18,4)
22 46 0.01136 0.01771 (21,1) 0.00250 (17,2) 0.00248 (17,3) 0.00246 (16,5)
23 47 0.01087 0.01397 (17,2) 0.01397 (17,2) 0.00229 (17,3) 0.00107 (19,4)
23 48 0.01087 0.03766 (17,1) 0.02576 (17,2) 0.00882 (17,4) 0.00882 (17,4)
24 49 0.01042 0.00630 (19,2) 0.00630 (19,2) 0.00200 (18,4) 0.00200 (18,4)
24 50 0.01042 0.01216 (23,1) 0.00121 (20,5) 0.00121 (20,5) 0.00121 (20,5)
