# Order statistics of the class deviations D_g = N_ell(g) - 2^{n-ell}.
# rank = 1 + #{g : |D_g| > |D_1|} (rank 1 = most extreme class);
# quantile = rank / 2^ell (uniform on (0,1] if the identity is typical).
# m3, m4 are the third and fourth moments of D_g/sd over all 2^ell classes.
# Producer: axeyum-gf2-dump-populations <ell> <n> 1300000000.
COL ell n total sumN2 V D_identity rank quantile max_abs max_over_sd identity_over_sd m3 m4
12 25 33554432 275203760352 325853408 359 805 0.196533 1042 3.6943 1.2728 -0.1331 3.1184
12 26 67108864 1100189603584 677975808 335 1625 0.396729 1972 4.8471 0.8234 -0.0090 3.1836
13 27 134217728 2200533019616 1509764064 -345 3537 0.431763 1382 3.2192 0.8036 +0.0034 2.9487
13 28 268435456 8799126753184 3033730976 980 906 0.110596 2232 3.6678 1.6104 +0.0536 3.0267
14 29 536870912 17598535520240 6349475824 -896 2527 0.154236 2260 3.6304 1.4393 -0.0445 2.9937
14 30 1073741824 70381731741408 12987563744 645 7801 0.476135 3404 3.8233 0.7244 +0.0047 2.9292
15 31 2147483648 140764997529088 27509173760 340 23255 0.709686 4121 4.4977 0.3711 +0.0328 2.9511
15 32 4294967296 563006612503936 56659082624 -1832 5281 0.161163 5568 4.2344 1.3932 -0.0564 3.0015
16 33 8589934592 1126020587625272 120680782648 2744 2809 0.042862 6307 4.6478 2.0221 +0.0074 3.0452
16 34 17179869184 4503840708045104 241080674608 660 47821 0.729691 8870 4.6247 0.3441 +0.0050 3.0360
17 35 34359738368 9007706424642504 507169901512 -1988 41249 0.314705 9374 4.7654 1.0106 -0.0069 2.9964
17 36 68719476736 36029839043713968 1042024750000 6587 2549 0.019447 12400 4.3978 2.3362 +0.0097 2.9856
18 37 137438953472 72059797080827424 2203042899488 928 195407 0.745419 14132 4.8749 0.3201 +0.0032 2.9627
18 38 274877906944 288234770899545184 4394747833440 9592 5117 0.019520 21246 5.1890 2.3427 +0.0068 3.0157
19 39 549755813888 576470137585529480 9385282105992 4074 175615 0.334959 20492 4.8433 0.9629 -0.0020 3.0063
19 40 1099511627776 2305861658405823984 18649192130032 -13496 12368 0.023590 28528 4.7833 2.2629 +0.0043 2.9992
20 41 2199023255552 4611725681301280412 39662873892508 3115 642597 0.612828 27755 4.5128 0.5065 +0.0000 2.9988
20 42 4398046511104 18446823484495453920 79410785902304 -4509 634890 0.605478 46982 5.3987 0.5181 +0.0019 3.0036
21 43 8796093022208 36893655270271247100 167122852143868 -20938 40005 0.019076 46012 5.1543 2.3455 -0.0037 3.0023
21 44 17592186044416 147574288057020645248 335467344232320 25007 100855 0.048091 68896 5.4473 1.9772 +0.0056 3.0021
22 45 35184372088832 295148608201503762776 703022150936920 -7582 2340481 0.558014 62752 4.8470 0.5856 +0.0021 3.0028
22 46 70368744177664 1180593026959673095920 1406242261792496 28402 506618 0.120787 97792 5.3408 1.5511 +0.0024 2.9997
