# Per-conductor second moments Sigma_j = sum_{cond chi = j} |S_n(chi)|^2
#   = 2^j V_j - 2^{j-1} V_{j-1}, V_j the second moment of the level-j
# projection of the exact class dump.  Weil: Sigma_j <= 2^{j-1}(j-1)^2 2^n.
# Sato-Tate: Sigma_j ~ 2^{j-1}(j-1) 2^n.  C_j is the ratio to Sato-Tate.
# Producer: axeyum-gf2-dump-populations <ell> <n> 1300000000.
COL ell n j Sigma_j V C_j
12 25 1 0 325853408 0.000000
12 25 2 67108864 325853408 1.000000
12 25 3 134217728 325853408 0.500000
12 25 4 916258816 325853408 1.137777
12 25 5 1562181632 325853408 0.727448
12 25 6 5962072064 325853408 1.110522
12 25 7 8840675328 325853408 0.686127
12 25 8 33259667456 325853408 1.106267
12 25 9 72238989312 325853408 1.051216
12 25 10 136714010624 325853408 0.884200
12 25 11 362778984448 325853408 1.055826
12 25 12 712221392896 325853408 0.942199
12 26 1 0 677975808 0.000000
12 26 2 134217728 677975808 1.000000
12 26 3 402653184 677975808 0.750000
12 26 4 1758658560 677975808 1.091919
12 26 5 2563964928 677975808 0.596970
12 26 6 12800753664 677975808 1.192163
12 26 7 32514375680 677975808 1.261724
12 26 8 62216617984 677975808 1.034710
12 26 9 120888836096 677975808 0.879582
12 26 10 334976155648 677975808 1.083232
12 26 11 689349066752 677975808 1.003135
12 26 12 1519383609344 677975808 1.004997
13 27 1 0 1509764064 0.000000
13 27 2 268435456 1509764064 1.000000
13 27 3 1342177280 1509764064 1.250000
13 27 4 3072458752 1509764064 0.953817
13 27 5 13155565568 1509764064 1.531509
13 27 6 17216045056 1509764064 0.801685
13 27 7 57902366720 1509764064 1.123454
13 27 8 124829777920 1509764064 1.038007
13 27 9 280533450752 1509764064 1.020575
13 27 10 650703929344 1509764064 1.052110
13 27 11 1419392712704 1509764064 1.032744
13 27 12 3402585210880 1509764064 1.125321
13 27 13 6396985081856 1509764064 0.969671
13 28 1 0 3033730976 0.000000
13 28 2 536870912 3033730976 1.000000
13 28 3 2684354560 3033730976 1.250000
13 28 4 3227648000 3033730976 0.500997
13 28 5 10743840768 3033730976 0.625374
13 28 6 50352357376 3033730976 1.172357
13 28 7 117906079744 3033730976 1.143840
13 28 8 272273424384 3033730976 1.132029
13 28 9 560852156416 3033730976 1.020184
13 28 10 1270261972992 3033730976 1.026930
13 28 11 2973591339008 3033730976 1.081786
13 28 12 6133330477056 3033730976 1.014224
13 28 13 13456563634176 3033730976 1.019889
14 29 1 0 6349475824 0.000000
14 29 2 1073741824 6349475824 1.000000
14 29 3 2147483648 6349475824 0.500000
14 29 4 25436618752 6349475824 1.974141
14 29 5 14162329600 6349475824 0.412178
14 29 6 56924045312 6349475824 0.662683
14 29 7 167154548736 6349475824 0.810806
14 29 8 522218733568 6349475824 1.085612
14 29 9 913550802944 6349475824 0.830870
14 29 10 2177006010368 6349475824 0.879989
14 29 11 5250150825984 6349475824 0.954997
14 29 12 12502684401664 6349475824 1.033739
14 29 13 26338672640000 6349475824 0.998120
14 29 14 56058629718016 6349475824 0.980481
14 30 1 0 12987563744 0.000000
14 30 2 2147483648 12987563744 1.000000
14 30 3 12884901888 12987563744 1.500000
14 30 4 16513761280 12987563744 0.640818
14 30 5 148785332224 12987563744 2.165112
14 30 6 138027728896 12987563744 0.803427
14 30 7 485665800192 12987563744 1.177895
14 30 8 802240364544 12987563744 0.833867
14 30 9 2872667701248 12987563744 1.306338
14 30 10 4997886836736 12987563744 1.010123
14 30 11 11581985390592 12987563744 1.053375
14 30 12 23791606431744 12987563744 0.983561
14 30 13 52124491972608 12987563744 0.987645
14 30 14 115813340676096 12987563744 1.012804
15 31 1 0 27509173760 0.000000
15 31 2 4294967296 27509173760 1.000000
15 31 3 8589934592 27509173760 0.500000
15 31 4 63907037184 27509173760 1.239960
15 31 5 43640160256 27509173760 0.317524
15 31 6 427616632832 27509173760 1.244528
15 31 7 638614241280 27509173760 0.774422
15 31 8 2116087808000 27509173760 1.099755
15 31 9 3355611529216 27509173760 0.762978
15 31 10 10379856314368 27509173760 1.048936
15 31 11 22361495568384 27509173760 1.016883
15 31 12 48616465367040 27509173760 1.004919
15 31 13 99694530134016 27509173760 0.944496
15 31 14 227601802854400 27509173760 0.995205
15 31 15 486108093218816 27509173760 0.986859
15 32 1 0 56659082624 0.000000
15 32 2 8589934592 56659082624 1.000000
15 32 3 42949672960 56659082624 1.250000
15 32 4 8724676608 56659082624 0.084641
15 32 5 403324796928 56659082624 1.467287
15 32 6 779776688128 56659082624 1.134724
15 32 7 1679137177600 56659082624 1.018111
15 32 8 4251372781568 56659082624 1.104743
15 32 9 9598076485632 56659082624 1.091175
15 32 10 17289755820032 56659082624 0.873608
15 32 11 41954700296192 56659082624 0.953939
15 32 12 104380805414912 56659082624 1.078793
15 32 13 214314604036096 56659082624 1.015198
15 32 14 448908785352704 56659082624 0.981443
15 32 15 1012984216289280 56659082624 1.028241
16 33 1 0 120680782648 0.000000
16 33 2 17179869184 120680782648 1.000000
16 33 3 85899345920 120680782648 1.250000
16 33 4 229735661568 120680782648 1.114365
16 33 5 309997862912 120680782648 0.563883
16 33 6 1360177135616 120680782648 0.989659
16 33 7 2919160086528 120680782648 0.884987
16 33 8 5795498229760 120680782648 0.752996
16 33 9 16834176876544 120680782648 0.956912
16 33 10 45947426504704 120680782648 1.160804
16 33 11 79288038588416 120680782648 0.901401
16 33 12 187199841107968 120680782648 0.967371
16 33 13 439593989832704 120680782648 1.041168
16 33 14 897011859324928 120680782648 0.980562
16 33 15 1973097347416064 120680782648 1.001407
16 33 16 4259245443776512 120680782648 1.008792
16 34 1 0 241080674608 0.000000
16 34 2 34359738368 241080674608 1.000000
16 34 3 103079215104 241080674608 0.750000
16 34 4 817707876352 241080674608 1.983203
16 34 5 1023866306560 241080674608 0.931201
16 34 6 2139392835584 241080674608 0.778307
16 34 7 8727425974272 241080674608 1.322925
16 34 8 18241153204224 241080674608 1.185017
16 34 9 35710724800512 241080674608 1.014960
16 34 10 86413992394752 241080674608 1.091570
16 34 11 172899675668480 241080674608 0.982821
16 34 12 369302355050496 241080674608 0.954200
16 34 13 848563954778112 241080674608 1.004902
16 34 14 1897268736163840 241080674608 1.036993
16 34 15 3916602453000192 241080674608 0.993898
16 34 16 8441614214103040 241080674608 0.999688
17 35 1 0 507169901512 0.000000
17 35 2 68719476736 507169901512 1.000000
17 35 3 137438953472 507169901512 0.500000
17 35 4 389149622272 507169901512 0.471906
17 35 5 1491882475520 507169901512 0.678430
17 35 6 5535130714112 507169901512 1.006834
17 35 7 11377926209536 507169901512 0.862347
17 35 8 31313052106752 507169901512 1.017109
17 35 9 59793693671424 507169901512 0.849719
17 35 10 133953788837888 507169901512 0.846043
17 35 11 359582063394816 507169901512 1.021994
17 35 12 742112819412992 507169901512 0.958732
17 35 13 1580613718769664 507169901512 0.935911
17 35 14 3605412061380608 507169901512 0.985307
17 35 15 7683161806340096 507169901512 0.974860
17 35 16 16697545305096192 507169901512 0.988693
17 35 17 35563284774518784 507169901512 0.987079
17 36 1 0 1042024750000 0.000000
17 36 2 137438953472 1042024750000 1.000000
17 36 3 1099511627776 1042024750000 2.000000
17 36 4 2300460400640 1042024750000 1.394838
17 36 5 9584724934656 1042024750000 2.179314
17 36 6 15019089592320 1042024750000 1.365978
17 36 7 32131434676224 1042024750000 1.217640
17 36 8 64856136548352 1042024750000 1.053327
17 36 9 173894299484160 1042024750000 1.235593
17 36 10 298461131833344 1042024750000 0.942531
17 36 11 725846820913152 1042024750000 1.031490
17 36 12 1560843375869952 1042024750000 1.008224
17 36 13 3741638829539328 1042024750000 1.107748
17 36 14 7115151721365504 1042024750000 0.972234
17 36 15 16437145434587136 1042024750000 1.042794
17 36 16 34363546102923264 1042024750000 1.017365
17 36 17 72038611518750720 1042024750000 0.999737
18 37 1 0 2203042899488 0.000000
18 37 2 274877906944 2203042899488 1.000000
18 37 3 549755813888 2203042899488 0.500000
18 37 4 1513711730688 2203042899488 0.458904
18 37 5 4520188837888 2203042899488 0.513886
18 37 6 31173778604032 2203042899488 1.417619
18 37 7 41750840213504 2203042899488 0.791087
18 37 8 93840557867008 2203042899488 0.762031
18 37 9 296399738765312 2203042899488 1.053023
18 37 10 690881094877184 2203042899488 1.090890
18 37 11 1407541694169088 2203042899488 1.000119
18 37 12 3085383194116096 2203042899488 0.996498
18 37 13 6898300993142784 2203042899488 1.021154
18 37 14 14799077176246272 2203042899488 1.011094
18 37 15 31296099546300416 2203042899488 0.992733
18 37 16 66567955114098688 2203042899488 0.985404
18 37 17 142952707293970432 2203042899488 0.991934
18 37 18 309346508286722048 2203042899488 1.010128
18 38 1 0 4394747833440 0.000000
18 38 2 549755813888 4394747833440 1.000000
18 38 3 1649267441664 4394747833440 0.750000
18 38 4 3398069911552 4394747833440 0.515088
18 38 5 6696604794880 4394747833440 0.380658
18 38 6 14871173267456 4394747833440 0.338131
18 38 7 124407729094656 4394747833440 1.178627
18 38 8 237614178893824 4394747833440 0.964772
18 38 9 573242719993856 4394747833440 1.018284
18 38 10 1308188620357632 4394747833440 1.032804
18 38 11 2959525137088512 4394747833440 1.051435
18 38 12 5525913709051904 4394747833440 0.892363
18 38 13 12912405218590720 4394747833440 0.955710
18 38 14 28949461738717184 4394747833440 0.988934
18 38 15 63203207928610816 4394747833440 1.002424
18 38 16 136112375522656256 4394747833440 1.007434
18 38 17 287938407572701184 4394747833440 0.998987
18 38 18 612184861102309376 4394747833440 0.999503
19 39 1 0 9385282105992 0.000000
19 39 2 1099511627776 9385282105992 1.000000
19 39 3 5497558138880 9385282105992 1.250000
19 39 4 20574344577024 9385282105992 1.559355
19 39 5 53009937596416 9385282105992 1.506633
19 39 6 78799211331584 9385282105992 0.895843
19 39 7 205810487525376 9385282105992 0.974914
19 39 8 500430253981696 9385282105992 1.015935
19 39 9 1202258653085696 9385282105992 1.067820
19 39 10 2391607513448448 9385282105992 0.944077
19 39 11 5649738988781568 9385282105992 1.003595
19 39 12 12606818225225728 9385282105992 1.017919
19 39 13 26236485267095552 9385282105992 0.970945
19 39 14 60511096532893696 9385282105992 1.033551
19 39 15 126149032398553088 9385282105992 1.000383
19 39 16 272880083437355008 9385282105992 1.009859
19 39 17 576917753094471680 9385282105992 1.000793
19 39 18 1239417379857891328 9385282105992 1.011787
19 39 19 2595763309512753152 9385282105992 1.000651
19 40 1 0 18649192130032 0.000000
19 40 2 2199023255552 18649192130032 1.000000
19 40 3 10995116277760 18649192130032 1.250000
19 40 4 43550976770048 18649192130032 1.650391
19 40 5 89215069061120 18649192130032 1.267822
19 40 6 183435586961408 18649192130032 1.042711
19 40 7 488714497163264 18649192130032 1.157508
19 40 8 1218842862944256 18649192130032 1.237200
19 40 9 2327014740721664 18649192130032 1.033402
19 40 10 5394063346106368 18649192130032 1.064642
19 40 11 11525856048971776 18649192130032 1.023702
19 40 12 25665505787379712 18649192130032 1.036161
19 40 13 55937832681734144 18649192130032 1.035058
19 40 14 117731136129466368 18649192130032 1.005445
19 40 15 256504359242694656 18649192130032 1.017061
19 40 16 538262320790372352 18649192130032 0.995985
19 40 17 1156060692138164224 18649192130032 1.002723
19 40 18 2445726668898172928 18649192130032 0.998273
19 40 19 5160375240533999616 18649192130032 0.994647
20 41 1 0 39662873892508 0.000000
20 41 2 4398046511104 39662873892508 1.000000
20 41 3 8796093022208 39662873892508 0.500000
20 41 4 30626556149760 39662873892508 0.580306
20 41 5 77802476929024 39662873892508 0.552820
20 41 6 212612524539904 39662873892508 0.604281
20 41 7 493311387238400 39662873892508 0.584198
20 41 8 1999453711237120 39662873892508 1.014784
20 41 9 3124677382242304 39662873892508 0.693818
20 41 10 11252640155697152 39662873892508 1.110484
20 41 11 19508192866205696 39662873892508 0.866338
20 41 12 47108271866118144 39662873892508 0.950922
20 41 13 110750875311407104 39662873892508 1.024651
20 41 14 245267966542741504 39662873892508 1.047316
20 41 15 504454670826078208 39662873892508 1.000102
20 41 16 1098625002272456704 39662873892508 1.016432
20 41 17 2300158601118875648 39662873892508 0.997535
20 41 18 4888630582871851008 39662873892508 0.997697
20 41 19 10352212380970123264 39662873892508 0.997679
20 41 20 22005616791731044352 39662873892508 1.004570
20 42 1 0 79410785902304 0.000000
20 42 2 8796093022208 79410785902304 1.000000
20 42 3 52776558133248 79410785902304 1.500000
20 42 4 74030522564608 79410785902304 0.701358
20 42 5 352035165700096 79410785902304 1.250680
20 42 6 1306321919934464 79410785902304 1.856395
20 42 7 2082098340954112 79410785902304 1.232850
20 42 8 3563728597680128 79410785902304 0.904351
20 42 9 12502220651364352 79410785902304 1.388025
20 42 10 20278762141122560 79410785902304 1.000620
20 42 11 47430139323088896 79410785902304 1.053161
20 42 12 95215622410993664 79410785902304 0.961005
20 42 13 241566348012945408 79410785902304 1.117469
20 42 14 459893661316939776 79410785902304 0.981893
20 42 15 1002359711330205696 79410785902304 0.993610
20 42 16 2204080193383956480 79410785902304 1.019592
20 42 17 4692406708652212224 79410785902304 1.017504
20 42 18 9819404316589424640 79410785902304 1.001997
20 42 19 20784908942243266560 79410785902304 1.001557
20 42 20 43880757825040809984 79410785902304 1.001592
21 43 1 0 167122852143868 0.000000
21 43 2 17592186044416 167122852143868 1.000000
21 43 3 35184372088832 167122852143868 0.500000
21 43 4 157866925228032 167122852143868 0.747808
21 43 5 414396731883520 167122852143868 0.736116
21 43 6 997054646059008 167122852143868 0.708450
21 43 7 2829943952113664 167122852143868 0.837832
21 43 8 8944958904205312 167122852143868 1.134960
21 43 9 14763853723992064 167122852143868 0.819559
21 43 10 36365533437755392 167122852143868 0.897197
21 43 11 90808796730884096 167122852143868 1.008180
21 43 12 198972799616811008 167122852143868 1.004110
21 43 13 420896706735898624 167122852143868 0.973519
21 43 14 942904520134885376 167122852143868 1.006571
21 43 15 1990878549032042496 167122852143868 0.986750
21 43 16 4311423678185209856 167122852143868 0.997217
21 43 17 9108004444142829568 167122852143868 0.987492
21 43 18 19426829401682083840 167122852143868 0.991182
21 43 19 41429957210548469760 167122852143868 0.998188
21 43 20 87775389154220703744 167122852143868 1.001750
21 43 21 184721431973307875328 167122852143868 1.001377
21 44 1 0 335467344232320 0.000000
21 44 2 35184372088832 335467344232320 1.000000
21 44 3 175921860444160 335467344232320 1.250000
21 44 4 634299594309632 335467344232320 1.502323
21 44 5 1126880803553280 335467344232320 1.000871
21 44 6 2678988468125696 335467344232320 0.951768
21 44 7 8420006895288320 335467344232320 1.246411
21 44 8 15434022573047808 335467344232320 0.979155
21 44 9 36596773469028352 335467344232320 1.015765
21 44 10 88473147421491200 335467344232320 1.091388
21 44 11 173595840922779648 335467344232320 0.963650
21 44 12 428196511948472320 335467344232320 1.080440
21 44 13 842710010862501888 335467344232320 0.974579
21 44 14 1851975138552053760 335467344232320 0.988512
21 44 15 4035784144205119488 335467344232320 1.000138
21 44 16 8685754630746931200 335467344232320 1.004492
21 44 17 18825592076897353728 335467344232320 1.020537
21 44 18 39279560969892659200 335467344232320 1.002047
21 44 19 83041909002100277248 335467344232320 1.000380
21 44 20 175775215580929327104 335467344232320 1.003031
21 44 21 370432142758983499776 335467344232320 1.004058
22 45 1 0 703022150936920 0.000000
22 45 2 70368744177664 703022150936920 1.000000
22 45 3 351843720888320 703022150936920 1.250000
22 45 4 854792511422464 703022150936920 1.012278
22 45 5 3113326833827840 703022150936920 1.382595
22 45 6 5202918013665280 703022150936920 0.924224
22 45 7 12483285267513344 703022150936920 0.923949
22 45 8 32896711516487680 703022150936920 1.043505
22 45 9 82897377648705536 703022150936920 1.150432
22 45 10 151218549077573632 703022150936920 0.932702
22 45 11 354873495932370944 703022150936920 0.984972
22 45 12 826842003986710528 703022150936920 1.043158
22 45 13 1583336013185417216 703022150936920 0.915550
22 45 14 3802846073215516672 703022150936920 1.014906
22 45 15 8172522436353327104 703022150936920 1.012648
22 45 16 17138415035521957888 703022150936920 0.991014
22 45 17 36982676821844688896 703022150936920 1.002417
22 45 18 79182039510534848512 703022150936920 1.009992
22 45 19 166491989186931851264 703022150936920 1.002839
22 45 20 349980955378658050048 703022150936920 0.998553
22 45 21 735484545677442154496 703022150936920 0.996767
22 45 22 1548398488956386148352 703022150936920 0.999272
22 46 1 0 1406242261792496 0.000000
22 46 2 140737488355328 1406242261792496 1.000000
22 46 3 422212465065984 1406242261792496 0.750000
22 46 4 1143008036651008 1406242261792496 0.676797
22 46 5 1987432966782976 1406242261792496 0.441299
22 46 6 12096551782449152 1406242261792496 1.074390
22 46 7 26057702547390464 1406242261792496 0.964329
22 46 8 53371730605375488 1406242261792496 0.846493
22 46 9 105414930058444800 1406242261792496 0.731463
22 46 10 291590251838701568 1406242261792496 0.899251
22 46 11 750515876750426112 1406242261792496 1.041550
22 46 12 1693286179639656448 1406242261792496 1.068139
22 46 13 3315917060030070784 1406242261792496 0.958700
22 46 14 7458990557604347904 1406242261792496 0.995330
22 46 15 15862999563406147584 1406242261792496 0.982783
22 46 16 34797908463485714432 1406242261792496 1.006079
22 46 17 73876778661009424384 1406242261792496 1.001217
22 46 18 156378638879501058048 1406242261792496 0.997330
22 46 19 332400065294544928768 1406242261792496 1.001080
22 46 20 700255083428327718912 1406242261792496 0.998971
22 46 21 1474500473224370847744 1406242261792496 0.999160
22 46 22 3096424661858853584896 1406242261792496 0.999152
