# Doob martingale of N_ell(G), G uniform on E_ell, along the tower
# E_ell ->> E_{ell-1} ->> ... ->> E_1.  Increment (scaled by 2^ell):
#   2^ell D_j(g) = 2^j N_j(pi_j g) - 2^{j-1} N_{j-1}(pi_{j-1} g)
#                 = sum_{chi in X_j} S_n(chi) conj(chi(g)).
# b_j = 2^{j-1}(j-1)2^{n/2} is the Weil bound on that quantity.
COL ell n j max_abs_inc identity_inc b_j max_over_b identity_over_b
12 25 2 8192 8192 1.158524e+04 0.707107 0.707107
12 25 3 16384 16384 4.634095e+04 0.353553 0.353553
12 25 4 49408 49408 1.390229e+05 0.355395 0.355395
12 25 5 62720 2816 3.707276e+05 0.169181 0.007596
12 25 6 179200 7168 9.268190e+05 0.193350 0.007734
12 25 7 243200 126464 2.224366e+06 0.109335 0.056854
12 25 8 473600 335872 5.190186e+06 0.091249 0.064713
12 25 9 819200 6144 1.186328e+07 0.069053 0.000518
12 25 10 1164800 307712 2.669239e+07 0.043638 0.011528
12 25 11 1971200 1204224 5.931642e+07 0.033232 0.020302
12 25 12 3225600 104448 1.304961e+08 0.024718 0.000800
12 26 2 16384 0 1.638400e+04 1.000000 0.000000
12 26 3 32768 16384 6.553600e+04 0.500000 0.250000
12 26 4 105472 32768 1.966080e+05 0.536458 0.166667
12 26 5 171008 65536 5.242880e+05 0.326172 0.125000
12 26 6 266240 81920 1.310720e+06 0.203125 0.062500
12 26 7 479232 4096 3.145728e+06 0.152344 0.001302
12 26 8 825344 664064 7.340032e+06 0.112444 0.090472
12 26 9 1597440 116224 1.677722e+07 0.095215 0.006927
12 26 10 1837056 300032 3.774874e+07 0.048665 0.007948
12 26 11 3035136 438272 8.388608e+07 0.036182 0.005225
12 26 12 6176768 933888 1.845494e+08 0.033469 0.005060
13 27 2 16384 16384 2.317048e+04 0.707107 0.707107
13 27 3 49152 16384 9.268190e+04 0.530330 0.176777
13 27 4 96256 96256 2.780457e+05 0.346188 0.346188
13 27 5 164352 97792 7.414552e+05 0.221661 0.131892
13 27 6 350208 108544 1.853638e+06 0.188930 0.058557
13 27 7 562688 562688 4.448731e+06 0.126483 0.126483
13 27 8 861696 303104 1.038037e+07 0.083012 0.029200
13 27 9 1534464 601088 2.372657e+07 0.064673 0.025334
13 27 10 2571264 842752 5.338477e+07 0.048165 0.015786
13 27 11 3538944 636928 1.186328e+08 0.029831 0.005369
13 27 12 7741440 333824 2.609922e+08 0.029662 0.001279
13 27 13 8736768 1986560 5.694376e+08 0.015343 0.003489
13 28 2 32768 32768 3.276800e+04 1.000000 1.000000
13 28 3 65536 32768 1.310720e+05 0.500000 0.250000
13 28 4 131072 0 3.932160e+05 0.333333 0.000000
13 28 5 262144 65536 1.048576e+06 0.250000 0.062500
13 28 6 507904 288768 2.621440e+06 0.193750 0.110156
13 28 7 788480 96256 6.291456e+06 0.125326 0.015299
13 28 8 1218560 192512 1.468006e+07 0.083008 0.013114
13 28 9 2265088 790528 3.355443e+07 0.067505 0.023560
13 28 10 4386816 1609728 7.549747e+07 0.058105 0.021322
13 28 11 7856128 8192 1.677722e+08 0.046826 0.000049
13 28 12 10436608 4145152 3.690988e+08 0.028276 0.011230
13 28 13 13991936 1409024 8.053064e+08 0.017375 0.001750
14 29 2 32768 32768 4.634095e+04 0.707107 0.707107
14 29 3 65536 65536 1.853638e+05 0.353553 0.353553
14 29 4 235008 235008 5.560914e+05 0.422607 0.422607
14 29 5 133632 128512 1.482910e+06 0.090115 0.086662
14 29 6 504832 39936 3.707276e+06 0.136173 0.010772
14 29 7 890880 128000 8.897462e+06 0.100127 0.014386
14 29 8 1885696 427008 2.076075e+07 0.090830 0.020568
14 29 9 3207168 987136 4.745313e+07 0.067586 0.020802
14 29 10 3890176 1499136 1.067695e+08 0.036435 0.014041
14 29 11 8759296 8759296 2.372657e+08 0.036918 0.036918
14 29 12 13957120 2254848 5.219845e+08 0.026739 0.004320
14 29 13 17817600 8429568 1.138875e+09 0.015645 0.007402
14 29 14 26845184 7372800 2.467563e+09 0.010879 0.002988
14 30 2 65536 0 6.553600e+04 1.000000 0.000000
14 30 3 196608 65536 2.621440e+05 0.750000 0.250000
14 30 4 305152 131072 7.864320e+05 0.388021 0.166667
14 30 5 720896 327680 2.097152e+06 0.343750 0.156250
14 30 6 983040 63488 5.242880e+06 0.187500 0.012109
14 30 7 1732608 1255424 1.258291e+07 0.137695 0.099772
14 30 8 2549760 124928 2.936013e+07 0.086844 0.004255
14 30 9 5565440 1970176 6.710886e+07 0.082932 0.029358
14 30 10 9062400 3141632 1.509949e+08 0.060018 0.020806
14 30 11 13824000 1550336 3.355443e+08 0.041199 0.004620
14 30 12 17694720 1323008 7.381975e+08 0.023970 0.001792
14 30 13 23101440 925696 1.610613e+09 0.014343 0.000575
14 30 14 43991040 3571712 3.489661e+09 0.012606 0.001024
15 31 2 65536 65536 9.268190e+04 0.707107 0.707107
15 31 3 131072 131072 3.707276e+05 0.353553 0.353553
15 31 4 317440 230400 1.112183e+06 0.285421 0.207160
15 31 5 317440 206848 2.965821e+06 0.107033 0.069744
15 31 6 1777664 350208 7.414552e+06 0.239753 0.047233
15 31 7 1872896 29696 1.779492e+07 0.105249 0.001669
15 31 8 4126720 583168 4.152149e+07 0.099388 0.014045
15 31 9 5459968 483840 9.490627e+07 0.057530 0.005098
15 31 10 11142144 2809856 2.135391e+08 0.052178 0.013159
15 31 11 13649920 10127360 4.745313e+08 0.028765 0.021342
15 31 12 26030080 61440 1.043969e+09 0.024934 0.000059
15 31 13 45203456 2408448 2.277750e+09 0.019846 0.001057
15 31 14 62472192 7356416 4.935126e+09 0.012659 0.001491
15 31 15 87867392 8142848 1.062950e+10 0.008266 0.000766
15 32 2 131072 131072 1.310720e+05 1.000000 1.000000
15 32 3 393216 131072 5.242880e+05 0.750000 0.250000
15 32 4 260096 260096 1.572864e+06 0.165365 0.165365
15 32 5 1570816 1046528 4.194304e+06 0.374512 0.249512
15 32 6 2101248 2101248 1.048576e+07 0.200391 0.200391
15 32 7 3014656 401408 2.516582e+07 0.119792 0.015951
15 32 8 5242880 1669120 5.872026e+07 0.089286 0.028425
15 32 9 11665408 2213888 1.342177e+08 0.086914 0.016495
15 32 10 15433728 1404928 3.019899e+08 0.051107 0.004652
15 32 11 24117248 9510912 6.710886e+08 0.035937 0.014172
15 32 12 34340864 8896512 1.476395e+09 0.023260 0.006026
15 32 13 57802752 3309568 3.221225e+09 0.017944 0.001027
15 32 14 74448896 31784960 6.979322e+09 0.010667 0.004554
15 32 15 124780544 23724032 1.503239e+10 0.008301 0.001578
16 33 2 131072 131072 1.853638e+05 0.707107 0.707107
16 33 3 393216 131072 7.414552e+05 0.530330 0.176777
16 33 4 820224 295936 2.224366e+06 0.368745 0.133043
16 33 5 1291264 805888 5.931642e+06 0.217691 0.135863
16 33 6 2275328 776192 1.482910e+07 0.153437 0.052342
16 33 7 4009984 1146880 3.558985e+07 0.112672 0.032225
16 33 8 6841344 6841344 8.304298e+07 0.082383 0.082383
16 33 9 12705792 622592 1.898125e+08 0.066939 0.003280
16 33 10 19689472 7451648 4.270782e+08 0.046103 0.017448
16 33 11 35211264 16390144 9.490627e+08 0.037101 0.017270
16 33 12 50823168 18587648 2.087938e+09 0.024341 0.008902
16 33 13 72990720 30552064 4.555501e+09 0.016023 0.006707
16 33 14 129490944 94896128 9.870252e+09 0.013119 0.009614
16 33 15 158957568 121126912 2.125900e+10 0.007477 0.005698
16 33 16 264929280 103776256 4.555501e+10 0.005816 0.002278
16 34 2 262144 0 2.621440e+05 1.000000 0.000000
16 34 3 524288 262144 1.048576e+06 0.500000 0.250000
16 34 4 1705984 524288 3.145728e+06 0.542318 0.166667
16 34 5 1705984 1048576 8.388608e+06 0.203369 0.125000
16 34 6 3620864 425984 2.097152e+07 0.172656 0.020313
16 34 7 8286208 1966080 5.033165e+07 0.164632 0.039062
16 34 8 12498944 607232 1.174405e+08 0.106428 0.005171
16 34 9 19845120 2171904 2.684355e+08 0.073929 0.008091
16 34 10 24719360 12785664 6.039798e+08 0.040927 0.021169
16 34 11 52572160 12062720 1.342177e+09 0.039169 0.008987
16 34 12 65732608 33595392 2.952790e+09 0.022261 0.011378
16 34 13 112246784 8151040 6.442451e+09 0.017423 0.001265
16 34 14 168787968 59473920 1.395864e+10 0.012092 0.004261
16 34 15 227835904 79364096 3.006477e+10 0.007578 0.002640
16 34 16 406650880 106430464 6.442451e+10 0.006312 0.001652
17 35 2 262144 262144 3.707276e+05 0.707107 0.707107
17 35 3 524288 524288 1.482910e+06 0.353553 0.353553
17 35 4 770048 770048 4.448731e+06 0.173094 0.173094
17 35 5 1976320 120832 1.186328e+07 0.166591 0.010185
17 35 6 5462016 2578432 2.965821e+07 0.184165 0.086938
17 35 7 7311360 3751936 7.117970e+07 0.102717 0.052711
17 35 8 14443520 9376768 1.660860e+08 0.086964 0.056457
17 35 9 19317760 2427904 3.796251e+08 0.050886 0.006396
17 35 10 28241920 12310528 8.541564e+08 0.033064 0.014412
17 35 11 67450880 18456576 1.898125e+09 0.035536 0.009724
17 35 12 101785600 29888512 4.175876e+09 0.024375 0.007157
17 35 13 154398720 61353984 9.111001e+09 0.016946 0.006734
17 35 14 227942400 14917632 1.974050e+10 0.011547 0.000756
17 35 15 332021760 214450176 4.251801e+10 0.007809 0.005044
17 35 16 527564800 9207808 9.111001e+10 0.005790 0.000101
17 35 17 837222400 52822016 1.943680e+11 0.004307 0.000272
17 36 2 524288 524288 5.242880e+05 1.000000 1.000000
17 36 3 1048576 1048576 2.097152e+06 0.500000 0.500000
17 36 4 2646016 0 6.291456e+06 0.420573 0.000000
17 36 5 7864320 2621440 1.677722e+07 0.468750 0.156250
17 36 6 8355840 2514944 4.194304e+07 0.199219 0.059961
17 36 7 14991360 3039232 1.006633e+08 0.148926 0.030192
17 36 8 24797184 9248768 2.348810e+08 0.105573 0.039376
17 36 9 40108032 12894208 5.368709e+08 0.074707 0.024017
17 36 10 64290816 13803520 1.207960e+09 0.053223 0.011427
17 36 11 109264896 24248320 2.684355e+09 0.040704 0.009033
17 36 12 166985728 15351808 5.905580e+09 0.028276 0.002600
17 36 13 269549568 139313152 1.288490e+10 0.020920 0.010812
17 36 14 340328448 31621120 2.791729e+10 0.012191 0.001133
17 36 15 498991104 164429824 6.012954e+10 0.008299 0.002735
17 36 16 772669440 84082688 1.288490e+11 0.005997 0.000653
17 36 17 1193803776 480182272 2.748779e+11 0.004343 0.001747
18 37 2 524288 524288 7.414552e+05 0.707107 0.707107
18 37 3 1048576 1048576 2.965821e+06 0.353553 0.353553
18 37 4 1566720 1566720 8.897462e+06 0.176086 0.176086
18 37 5 5482496 5482496 2.372657e+07 0.231070 0.231070
18 37 6 8486912 552960 5.931642e+07 0.143079 0.009322
18 37 7 14852096 4046848 1.423594e+08 0.104328 0.028427
18 37 8 22543360 14336 3.321719e+08 0.067867 0.000043
18 37 9 49822720 11849728 7.592501e+08 0.065621 0.015607
18 37 10 76230656 1193984 1.708313e+09 0.044623 0.000699
18 37 11 102600704 8146944 3.796251e+09 0.027027 0.002146
18 37 12 214749184 14774272 8.351751e+09 0.025713 0.001769
18 37 13 270974976 61677568 1.822200e+10 0.014871 0.003385
18 37 14 497090560 6070272 3.948101e+10 0.012591 0.000154
18 37 15 728662016 261865472 8.503601e+10 0.008569 0.003079
18 37 16 1256062976 76349440 1.822200e+11 0.006893 0.000419
18 37 17 1517944832 94633984 3.887361e+11 0.003905 0.000243
18 37 18 2531524608 548143104 8.260641e+11 0.003065 0.000664
18 38 2 1048576 0 1.048576e+06 1.000000 0.000000
18 38 3 2097152 1048576 4.194304e+06 0.500000 0.250000
18 38 4 3743744 2097152 1.258291e+07 0.297526 0.166667
18 38 5 7938048 4194304 3.355443e+07 0.236572 0.125000
18 38 6 9650176 3407872 8.388608e+07 0.115039 0.040625
18 38 7 25214976 4325376 2.013266e+08 0.125244 0.021484
18 38 8 60624896 19040256 4.697620e+08 0.129054 0.040532
18 38 9 77279232 2398208 1.073742e+09 0.071972 0.002234
18 38 10 115490816 34893824 2.415919e+09 0.047804 0.014443
18 38 11 200630272 22548480 5.368709e+09 0.037370 0.004200
18 38 12 296976384 6266880 1.181116e+10 0.025144 0.000531
18 38 13 371376128 78528512 2.576980e+10 0.014411 0.003047
18 38 14 643760128 162332672 5.583457e+10 0.011530 0.002907
18 38 15 989921280 109871104 1.202591e+11 0.008232 0.000914
18 38 16 1621229568 463863808 2.576980e+11 0.006291 0.001800
18 38 17 2350907392 326303744 5.497558e+11 0.004276 0.000594
18 38 18 3596091392 1932656640 1.168231e+12 0.003078 0.001654
19 39 2 1048576 1048576 1.482910e+06 0.707107 0.707107
19 39 3 3145728 1048576 5.931642e+06 0.530330 0.176777
19 39 4 5517312 5517312 1.779492e+07 0.310050 0.310050
19 39 5 9199616 9199616 4.745313e+07 0.193867 0.193867
19 39 6 18583552 13176832 1.186328e+08 0.156648 0.111072
19 39 7 33120256 19111936 2.847188e+08 0.116326 0.067126
19 39 8 57188352 8967168 6.643439e+08 0.086082 0.013498
19 39 9 87273472 57510912 1.518500e+09 0.057473 0.037873
19 39 10 132587520 43749376 3.416626e+09 0.038807 0.012805
19 39 11 247656448 150679552 7.592501e+09 0.032619 0.019846
19 39 12 399147008 45924352 1.670350e+10 0.023896 0.002749
19 39 13 538656768 278757376 3.644401e+10 0.014780 0.007649
19 39 14 929710080 298090496 7.896201e+10 0.011774 0.003775
19 39 15 1269006336 91389952 1.700720e+11 0.007462 0.000537
19 39 16 2089451520 270893056 3.644401e+11 0.005733 0.000743
19 39 17 3299672064 329777152 7.774721e+11 0.004244 0.000424
19 39 18 5357174784 107479040 1.652128e+12 0.003243 0.000065
19 39 19 7534804992 1278214144 3.498625e+12 0.002154 0.000365
19 40 2 2097152 2097152 2.097152e+06 1.000000 1.000000
19 40 3 6291456 2097152 8.388608e+06 0.750000 0.250000
19 40 4 16900096 16900096 2.516582e+07 0.671549 0.671549
19 40 5 18874368 14802944 6.710886e+07 0.281250 0.220581
19 40 6 26476544 19677184 1.677722e+08 0.157812 0.117285
19 40 7 76578816 70254592 4.026532e+08 0.190186 0.174479
19 40 8 77332480 0 9.395241e+08 0.082310 0.000000
19 40 9 167395328 29884416 2.147484e+09 0.077950 0.013916
19 40 10 281559040 25362432 4.831838e+09 0.058272 0.005249
19 40 11 352419840 232062976 1.073742e+10 0.032822 0.021613
19 40 12 617349120 254574592 2.362232e+10 0.026134 0.010777
19 40 13 899809280 878608384 5.153961e+10 0.017459 0.017047
19 40 14 1268776960 146341888 1.116691e+11 0.011362 0.001310
19 40 15 2587361280 1623064576 2.405182e+11 0.010757 0.006748
19 40 16 3065774080 218103808 5.153961e+11 0.005948 0.000423
19 40 17 4556062720 1507590144 1.099512e+12 0.004144 0.001371
19 40 18 6904872960 1074266112 2.336462e+12 0.002955 0.000460
19 40 19 10202644480 3655335936 4.947802e+12 0.002062 0.000739
20 41 2 2097152 2097152 2.965821e+06 0.707107 0.707107
20 41 3 4194304 4194304 1.186328e+07 0.353553 0.353553
20 41 4 7213056 7213056 3.558985e+07 0.202672 0.202672
20 41 5 22654976 22654976 9.490627e+07 0.238709 0.238709
20 41 6 35905536 35905536 2.372657e+08 0.151331 0.151331
20 41 7 57098240 29155328 5.694376e+08 0.100271 0.051200
20 41 8 149211136 23306240 1.328688e+09 0.112300 0.017541
20 41 9 119402496 325632 3.037000e+09 0.039316 0.000107
20 41 10 312528896 69253120 6.833251e+09 0.045736 0.010135
20 41 11 518754304 209039360 1.518500e+10 0.034162 0.013766
20 41 12 741941248 133595136 3.340701e+10 0.022209 0.003999
20 41 13 1111400448 394821632 7.288801e+10 0.015248 0.005417
20 41 14 2142863360 801062912 1.579240e+11 0.013569 0.005072
20 41 15 3096739840 708706304 3.401441e+11 0.009104 0.002084
20 41 16 4021059584 1690075136 7.288801e+11 0.005517 0.002319
20 41 17 6437994496 1179516928 1.554944e+12 0.004140 0.000759
20 41 18 9651617792 1257635840 3.304257e+12 0.002921 0.000381
20 41 19 13166182400 1752170496 6.997249e+12 0.001882 0.000250
20 41 20 22549102592 731381760 1.477197e+13 0.001526 0.000050
20 42 2 4194304 0 4.194304e+06 1.000000 0.000000
20 42 3 12582912 4194304 1.677722e+07 0.750000 0.250000
20 42 4 13557760 8388608 5.033165e+07 0.269368 0.166667
20 42 5 25935872 20971520 1.342177e+08 0.193237 0.156250
20 42 6 77660160 43368448 3.355443e+08 0.231445 0.129248
20 42 7 108036096 66437120 8.053064e+08 0.134155 0.082499
20 42 8 141066240 59717632 1.879048e+09 0.075073 0.031781
20 42 9 349542400 349542400 4.294967e+09 0.081384 0.081384
20 42 10 490291200 40431616 9.663676e+09 0.050735 0.004184
20 42 11 831029248 126451712 2.147484e+10 0.038698 0.005888
20 42 12 1138163712 153010176 4.724464e+10 0.024091 0.003239
20 42 13 1835696128 678756352 1.030792e+11 0.017809 0.006585
20 42 14 2513960960 251691008 2.233383e+11 0.011256 0.001127
20 42 15 4748083200 1431633920 4.810363e+11 0.009871 0.002976
20 42 16 7456555008 1261305856 1.030792e+12 0.007234 0.001224
20 42 17 9909043200 315097088 2.199023e+12 0.004506 0.000143
20 42 18 14219476992 2837970944 4.672924e+12 0.003043 0.000607
20 42 19 20324548608 2752774144 9.895605e+12 0.002054 0.000278
20 42 20 32523681792 9071755264 2.089072e+13 0.001557 0.000434
21 43 2 4194304 4194304 5.931642e+06 0.707107 0.707107
21 43 3 8388608 8388608 2.372657e+07 0.353553 0.353553
21 43 4 23953408 7176192 7.117970e+07 0.336520 0.100818
21 43 5 31793152 31793152 1.898125e+08 0.167498 0.167498
21 43 6 56713216 23781376 4.745313e+08 0.119514 0.050116
21 43 7 100040704 53198848 1.138875e+09 0.087842 0.046712
21 43 8 236275712 70467584 2.657375e+09 0.088913 0.026518
21 43 9 410554368 134594560 6.074001e+09 0.067592 0.022159
21 43 10 589852672 59596800 1.366650e+10 0.043160 0.004361
21 43 11 1073324032 380919808 3.037000e+10 0.035342 0.012543
21 43 12 1407967232 272031744 6.681401e+10 0.021073 0.004071
21 43 13 2298118144 1259134976 1.457760e+11 0.015765 0.008637
21 43 14 3566239744 814776320 3.158481e+11 0.011291 0.002580
21 43 15 6713999360 2195947520 6.802881e+11 0.009869 0.003228
21 43 16 8724676608 1061027840 1.457760e+12 0.005985 0.000728
21 43 17 12582584320 3034972160 3.109889e+12 0.004046 0.000976
21 43 18 18835832832 4384751616 6.608513e+12 0.002850 0.000664
21 43 19 29285154816 1622933504 1.399450e+13 0.002093 0.000116
21 43 20 41143500800 12556697600 2.954394e+13 0.001393 0.000425
21 43 21 62718476288 20243808256 6.219777e+13 0.001008 0.000325
21 44 2 8388608 8388608 8.388608e+06 1.000000 1.000000
21 44 3 16777216 8388608 3.355443e+07 0.500000 0.250000
21 44 4 62701568 0 1.006633e+08 0.622884 0.000000
21 44 5 79478784 16777216 2.684355e+08 0.296082 0.062500
21 44 6 134086656 32768 6.710886e+08 0.199805 0.000049
21 44 7 232390656 56655872 1.610613e+09 0.144287 0.035177
21 44 8 325394432 186761216 3.758096e+09 0.086585 0.049696
21 44 9 828489728 175636480 8.589935e+09 0.096449 0.020447
21 44 10 1059356672 246530048 1.932735e+10 0.054811 0.012755
21 44 11 1282113536 258408448 4.294967e+10 0.029852 0.006017
21 44 12 2153316352 872218624 9.448928e+10 0.022789 0.009231
21 44 13 3363700736 1259274240 2.061584e+11 0.016316 0.006108
21 44 14 5388697600 766771200 4.466766e+11 0.012064 0.001717
21 44 15 8728608768 2623537152 9.620727e+11 0.009073 0.002727
21 44 16 12177375232 3486646272 2.061584e+12 0.005907 0.001691
21 44 17 19544932352 9564192768 4.398047e+12 0.004444 0.002175
21 44 18 29037690880 1913389056 9.345849e+12 0.003107 0.000205
21 44 19 42492493824 5585764352 1.979121e+13 0.002147 0.000282
21 44 20 61800972288 17468227584 4.178144e+13 0.001479 0.000418
21 44 21 108930269184 43623907328 8.796093e+13 0.001238 0.000496
22 45 2 8388608 8388608 1.186328e+07 0.707107 0.707107
22 45 3 25165824 8388608 4.745313e+07 0.530330 0.176777
22 45 4 37789696 16998400 1.423594e+08 0.265453 0.119405
22 45 5 113287168 113287168 3.796251e+08 0.298419 0.298419
22 45 6 128942080 37273600 9.490627e+08 0.135863 0.039274
22 45 7 300662784 17367040 2.277750e+09 0.132000 0.007625
22 45 8 463177728 301838336 5.314751e+09 0.087149 0.056793
22 45 9 804587520 492015616 1.214800e+10 0.066232 0.040502
22 45 10 1186344960 261726208 2.733300e+10 0.043403 0.009575
22 45 11 1844060160 610942976 6.074001e+10 0.030360 0.010058
22 45 12 3348152320 1185882112 1.336280e+11 0.025056 0.008875
22 45 13 4538695680 1127972864 2.915520e+11 0.015567 0.003869
22 45 14 7433994240 3248570368 6.316961e+11 0.011768 0.005143
22 45 15 11746344960 981336064 1.360576e+12 0.008633 0.000721
22 45 16 18249154560 1809317888 2.915520e+12 0.006259 0.000621
22 45 17 27482849280 2878406656 6.219777e+12 0.004419 0.000463
22 45 18 36061839360 17694851072 1.321703e+13 0.002728 0.001339
22 45 19 57672990720 20867710976 2.798900e+13 0.002061 0.000746
22 45 20 92272066560 2831679488 5.908788e+13 0.001562 0.000048
22 45 21 137594142720 26564624384 1.243955e+14 0.001106 0.000214
22 45 22 194500362240 4999610368 2.612306e+14 0.000745 0.000019
22 46 2 16777216 0 1.677722e+07 1.000000 0.000000
22 46 3 33554432 16777216 6.710886e+07 0.500000 0.250000
22 46 4 82935808 33554432 2.013266e+08 0.411947 0.166667
22 46 5 150044672 67108864 5.368709e+08 0.279480 0.125000
22 46 6 236650496 81461248 1.342177e+09 0.176318 0.060693
22 46 7 574291968 14942208 3.221225e+09 0.178284 0.004639
22 46 8 624222208 96542720 7.516193e+09 0.083050 0.012845
22 46 9 1239130112 18235392 1.717987e+10 0.072127 0.001061
22 46 10 2033385472 455294976 3.865471e+10 0.052604 0.011779
22 46 11 2904670208 1165565952 8.589935e+10 0.033815 0.013569
22 46 12 4904091648 1041235968 1.889786e+11 0.025951 0.005510
22 46 13 7560757248 2196652032 4.123169e+11 0.018337 0.005328
22 46 14 12105351168 1949925376 8.933532e+11 0.013550 0.002183
22 46 15 15151661056 1085669376 1.924145e+12 0.007874 0.000564
22 46 16 23873060864 10140581888 4.123169e+12 0.005790 0.002459
22 46 17 37128503296 8522498048 8.796093e+12 0.004221 0.000969
22 46 18 54420570112 11473649664 1.869170e+13 0.002911 0.000614
22 46 19 88148541440 11136401408 3.958242e+13 0.002227 0.000281
22 46 20 133296029696 45425360896 8.356288e+13 0.001595 0.000544
22 46 21 185606340608 15387852800 1.759219e+14 0.001055 0.000087
22 46 22 287767003136 32705085440 3.694359e+14 0.000779 0.000089
