# C3: the k=0 requirement against the roadmap's (HWO) constant 4 ell
# ell|n|F_req(0)|(ell-2)/kappa|4*ell|ratio
12|25|7.0723|7.0711|48|6.7871
# decomposition ell=12 n=25: 4ell=48 -> 22.7397 -> 10.6069 -> 10.0225 -> 7.0723  (steps 2.1108, 2.1439, 1.0583, 1.4172)
12|26|5.2940|5.0000|48|9.0669
# decomposition ell=12 n=26: 4ell=48 -> 22.7397 -> 5.4421 -> 5.0051 -> 5.2940  (steps 2.1108, 4.1785, 1.0873, 0.9454)
16|33|9.8996|9.8995|64|6.4649
# decomposition ell=16 n=33: 4ell=64 -> 37.0030 -> 15.8578 -> 14.0020 -> 9.8996  (steps 1.7296, 2.3334, 1.1325, 1.4144)
16|34|7.1257|7.0000|64|8.9815
# decomposition ell=16 n=34: 4ell=64 -> 37.0030 -> 7.5421 -> 7.0005 -> 7.1257  (steps 1.7296, 4.9062, 1.0774, 0.9824)
20|41|12.7279|12.7279|80|6.2854
# decomposition ell=20 n=41: 4ell=80 -> 43.2644 -> 19.5983 -> 18.0002 -> 12.7279  (steps 1.8491, 2.2076, 1.0888, 1.4142)
20|42|9.0491|9.0000|80|8.8407
# decomposition ell=20 n=42: 4ell=80 -> 43.2644 -> 9.4125 -> 9.0000 -> 9.0491  (steps 1.8491, 4.5965, 1.0458, 0.9946)
24|49|15.5563|15.5563|96|6.1711
# decomposition ell=24 n=49: 4ell=96 -> 57.1633 -> 24.7876 -> 22.0000 -> 15.5563  (steps 1.6794, 2.3061, 1.1267, 1.4142)
24|50|11.0175|11.0000|96|8.7134
# decomposition ell=24 n=50: 4ell=96 -> 57.1633 -> 11.6421 -> 11.0000 -> 11.0175  (steps 1.6794, 4.9101, 1.0584, 0.9984)
50|101|33.9411|33.9411|200|5.8926
# decomposition ell=50 n=101: 4ell=200 -> 139.1818 -> 56.7037 -> 48.0000 -> 33.9411  (steps 1.4370, 2.4545, 1.1813, 1.4142)
50|102|24.0000|24.0000|200|8.3333
# decomposition ell=50 n=102: 4ell=200 -> 139.1818 -> 25.9492 -> 24.0000 -> 24.0000  (steps 1.4370, 5.3636, 1.0812, 1.0000)
100|201|69.2965|69.2965|400|5.7723
# decomposition ell=100 n=201: 4ell=400 -> 299.9222 -> 118.4090 -> 98.0000 -> 69.2965  (steps 1.3337, 2.5329, 1.2083, 1.4142)
100|202|49.0000|49.0000|400|8.1633
# decomposition ell=100 n=202: 4ell=400 -> 299.9222 -> 53.5690 -> 49.0000 -> 49.0000  (steps 1.3337, 5.5988, 1.0932, 1.0000)
200|401|140.0071|140.0071|800|5.7140
# decomposition ell=200 n=401: 4ell=800 -> 625.1975 -> 242.3014 -> 198.0000 -> 140.0071  (steps 1.2796, 2.5802, 1.2237, 1.4142)
200|402|99.0000|99.0000|800|8.0808
# decomposition ell=200 n=402: 4ell=800 -> 625.1975 -> 108.9054 -> 99.0000 -> 99.0000  (steps 1.2796, 5.7407, 1.1001, 1.0000)
512|1025|360.6245|360.6245|2048|5.6790
# decomposition ell=512 n=1025: 4ell=2048 -> 1988.5352 -> 673.9709 -> 510.0000 -> 360.6245  (steps 1.0299, 2.9505, 1.3215, 1.4142)
512|1026|255.0000|255.0000|2048|8.0314
# decomposition ell=512 n=1026: 4ell=2048 -> 1988.5352 -> 290.2366 -> 255.0000 -> 255.0000  (steps 1.0299, 6.8514, 1.1382, 1.0000)
1024|2049|722.6631|722.6631|4096|5.6679
# decomposition ell=1024 n=2049: 4ell=4096 -> 4031.8902 -> 1356.1575 -> 1022.0000 -> 722.6631  (steps 1.0159, 2.9730, 1.3270, 1.4142)
1024|2050|511.0000|511.0000|4096|8.0157
# decomposition ell=1024 n=2050: 4ell=4096 -> 4031.8902 -> 582.7210 -> 511.0000 -> 511.0000  (steps 1.0159, 6.9191, 1.1404, 1.0000)
# the ladder: saving F vs window slack k = ell - l, at ell = 200 and 1024
# ell|n|F|k_min(F)
200|401|1.0000|8
200|401|2.0000|7
200|401|4.0000|6
200|401|8.0000|5
200|401|14.0000|4
200|401|24.7500|3
200|401|49.5000|2
200|401|99.0000|1
200|401|99.0100|1
200|401|140.5800|0
200|401|198.0000|0
200|401|198.0100|0
200|401|800.0000|0
200|402|1.0000|7
200|402|2.0000|6
200|402|4.0000|5
200|402|8.0000|4
200|402|14.0000|3
200|402|24.7500|2
200|402|49.5000|1
200|402|99.0000|1
200|402|99.0100|0
200|402|140.5800|0
200|402|198.0000|0
200|402|198.0100|0
200|402|800.0000|0
1024|2049|1.0000|10
1024|2049|2.0000|9
1024|2049|4.0000|8
1024|2049|8.0000|7
1024|2049|31.0000|5
1024|2049|127.7500|3
1024|2049|255.5000|2
1024|2049|511.0000|1
1024|2049|511.0100|1
1024|2049|725.6200|0
1024|2049|1022.0000|0
1024|2049|1022.0100|0
1024|2049|4096.0000|0
1024|2050|1.0000|9
1024|2050|2.0000|8
1024|2050|4.0000|7
1024|2050|8.0000|6
1024|2050|31.0000|5
1024|2050|127.7500|2
1024|2050|255.5000|1
1024|2050|511.0000|1
1024|2050|511.0100|0
1024|2050|725.6200|0
1024|2050|1022.0000|0
1024|2050|1022.0100|0
1024|2050|4096.0000|0
# the dictionary across ell: k_Weil (this note, = Gao 2021) vs Hsu/Cohen (l+1) form
# ell|n|k_Weil|k_HsuCohen|F_req(0)|F_req(1)|F_req(2)|F_req(3)
12|25|3|3|7.0723|3.1825|1.4146|0.6191
12|26|3|3|5.2940|2.3143|1.0143|0.4412
16|33|3|4|9.8996|4.5962|2.1213|0.9723
16|34|3|3|7.1257|3.2789|1.5067|0.6892
20|41|4|4|12.7279|6.0104|2.8284|1.3258
20|42|3|4|9.0491|4.2615|2.0027|0.9382
24|49|4|4|15.5563|7.4246|3.5355|1.6794
24|50|4|4|11.0175|5.2542|2.5010|1.1878
50|101|5|6|33.9411|16.6170|8.1317|3.9775
50|102|5|5|24.0000|11.7500|5.7500|2.8125
100|201|7|7|69.2965|34.2947|16.9706|8.3969
100|202|6|6|49.0000|24.2500|12.0000|5.9375
200|401|8|8|140.0071|69.6500|34.6482|17.2357
200|402|7|7|99.0000|49.2500|24.5000|12.1875
512|1025|9|9|360.6245|179.9587|89.8026|44.8129
512|1026|8|8|255.0000|127.2500|63.5000|31.6875
1024|2049|10|10|722.6631|360.9780|180.3122|90.0677
1024|2050|9|9|511.0000|255.2500|127.5000|63.6875
# C4/C5/C8: measured endpoints.  F_agg = 2^{n/2} D(ell) / sum_{j,s}|T_{j,s}|,
# F_pair = the worst single layer.  k_W = k_min(F=1).
# ell|n|k_W|N_l(1) at l=ell-k_W|theta_exact|theta_bound|F_req(0)|F_agg|F_pair|agg_ok|pair_ok
8|17|2|2160|1|1|4.2565|26.0486|1.4142|True|False
8|18|2|4060|37|186|3.6706|16.2751|2.0000|True|False
9|19|2|3820|1|1|4.9574|28.0186|1.4142|True|False
9|20|2|8536|76|230|3.9450|29.8833|1.0000|True|False
10|21|3|15940|1|1|5.6610|47.7366|1.4142|True|False
10|22|2|16666|45|395|4.4280|29.5812|2.0000|True|False
11|23|3|32983|1|1|6.3662|31.8407|1.4142|True|False
11|24|2|31672|160|517|4.8036|33.4252|1.0000|True|False
12|25|3|65251|1|1|7.0723|78.2032|1.4142|True|False
12|26|3|132198|79|909|5.2940|83.1294|2.0000|True|False
13|27|3|129304|1|1|7.7788|120.7823|1.4142|True|False
13|28|3|264552|288|1108|5.6926|73.3529|1.0000|True|False
14|29|3|256593|1|1|8.4856|104.1210|1.4142|True|False
14|30|3|526606|301|2149|6.2035|199.1492|2.0000|True|False
15|31|3|527404|1|1|9.1926|248.4397|1.4142|True|False
15|32|3|1048280|472|2402|6.6214|134.7258|1.0000|True|False
16|33|3|1056826|1|1|9.8996|201.9837|1.4142|True|False
16|34|3|2091868|562|4625|7.1257|310.2729|2.0000|True|False
17|35|4|4179281|1|1|10.6067|411.7875|1.4142|True|False
17|36|3|4202524|1099|5388|7.5779|316.2461|1.0000|True|False
18|37|4|8384867|1|1|11.3137|564.7639|1.4142|True|False
18|38|3|8382250|932|10259|8.0790|471.1235|2.0000|True|False
# C6 (B1): budget share of the layers the chain already pays by Weil (order <= Q)
# ell|c|a|Q|Sigma_low/Sigma_all|F_eff if those layers were free
24|5|18|1|0.000000e+00|1.000000000000
50|6|43|2|2.717442e-08|1.000000027174
100|7|92|4|2.908414e-08|1.000000029084
200|8|191|8|2.956751e-08|1.000000029568
512|9|502|16|2.322626e-10|1.000000000232
1024|10|1013|32|2.325466e-10|1.000000000233
# C7 (B2): the per-pair constant Phi(a) as a function of the split level a
# ell|n|Phi(a=chain)|Phi(a=4)|cost of the chain's split
24|49|24.7876|22.0000|1.1267
24|50|11.6224|11.0000|1.0566
50|101|56.7037|48.0000|1.1813
50|102|25.9492|24.0000|1.0812
100|201|118.4090|98.0000|1.2083
100|202|53.5690|49.0000|1.0932
200|401|242.3014|198.0000|1.2237
200|402|108.9054|99.0000|1.1001
512|1025|673.9709|510.0000|1.3215
512|1026|290.2366|255.0000|1.1382
1024|2049|1356.1575|1022.0000|1.3270
1024|2050|582.7210|511.0000|1.1404
# C9 (B5): population route cost, (sum of the four h's)/#X, per layer at ell=200
# j|s|log2(#X)|population/Weil
191|1|95.0000|3.0000
191|2|143.0000|3.0000
191|3|167.0000|3.0000
191|4|178.9996|3.0015
191|5|184.9773|3.0952
191|6|187.8074|3.8571
191|7|188.0000|9.0000
191|8|189.0000|9.0000
192|7|190.0000|4.0000
192|8|190.0000|9.0000
193|1|96.0000|3.0000
193|2|144.0000|3.0000
193|3|168.0000|3.0000
193|4|179.9996|3.0015
193|5|185.9773|3.0952
193|6|188.8074|3.8571
193|7|190.5850|5.0000
193|8|191.0000|9.0000
194|2|145.0000|3.0000
194|3|169.0000|3.0000
194|4|180.9996|3.0015
194|5|186.9773|3.0952
194|6|189.8074|3.8571
194|7|191.5850|5.0000
194|8|192.0000|9.0000
195|1|97.0000|3.0000
195|2|146.0000|3.0000
195|3|170.0000|3.0000
195|4|181.9996|3.0015
195|5|187.9773|3.0952
195|6|190.8074|3.8571
195|7|192.5850|5.0000
195|8|193.0000|9.0000
196|3|171.0000|3.0000
196|4|182.9996|3.0015
196|5|188.9773|3.0952
196|6|191.8074|3.8571
196|7|193.5850|5.0000
196|8|194.0000|9.0000
197|1|98.0000|3.0000
197|2|147.0000|3.0000
197|3|172.0000|3.0000
197|4|183.9996|3.0015
197|5|189.9773|3.0952
197|6|192.8074|3.8571
197|7|194.5850|5.0000
197|8|195.0000|9.0000
198|2|148.0000|3.0000
198|3|173.0000|3.0000
198|4|184.9996|3.0015
198|5|190.9773|3.0952
198|6|193.8074|3.8571
198|7|195.5850|5.0000
198|8|196.0000|9.0000
199|1|99.0000|3.0000
199|2|149.0000|3.0000
199|3|174.0000|3.0000
199|4|185.9996|3.0015
199|5|191.9773|3.0952
199|6|194.8074|3.8571
199|7|196.5850|5.0000
199|8|197.0000|9.0000
200|4|187.0000|3.0005
200|5|192.9773|3.0952
200|6|195.8074|3.8571
200|7|197.5850|5.0000
200|8|198.0000|9.0000
# best population/Weil ratio over all layers: 3.0000 (> 1 = always loses)
# C10: moduli-only barrier (note 03 sec. 5) vs the Weil threshold
# ell|n|k_Weil|first k not blocked|verdict
12|25|3|3|MATCH
12|26|3|2|one-step gap
16|33|3|3|MATCH
16|34|3|3|MATCH
20|41|4|4|MATCH
20|42|3|3|MATCH
24|49|4|4|MATCH
24|50|4|3|one-step gap
50|101|5|5|MATCH
50|102|5|5|MATCH
100|201|7|6|one-step gap
100|202|6|6|MATCH
200|401|8|8|MATCH
200|402|7|7|MATCH
512|1025|9|9|MATCH
512|1026|8|8|MATCH
1024|2049|10|10|MATCH
1024|2050|9|9|MATCH
30|61|5|4|one-step gap
30|62|4|4|MATCH
64|129|6|6|MATCH
64|130|5|5|MATCH
128|257|7|7|MATCH
128|258|6|6|MATCH
256|513|8|8|MATCH
256|514|7|7|MATCH
# 22 of 26 endpoints: barrier ceiling == Weil ceiling
